# power spectrum of delta
# redshift z=-0.005754
# k              Pk             sigma(k)       sigma(Pk)      count
  3.141593e-02   1.437442e-02   0.000000e+00   5.440205e-03   6
  4.442883e-02   7.208487e-02   0.000000e+00   1.564902e-02   12
  5.802164e-02   9.378992e-02   4.165766e-03   1.708048e-02   14
  7.360057e-02   1.794511e-01   3.352421e-03   2.030434e-02   48
  9.270775e-02   2.170178e-01   2.435008e-03   2.419155e-02   42
  1.017704e-01   2.132995e-01   2.424479e-03   2.868379e-02   48
  1.153929e-01   3.170067e-01   2.906092e-03   3.243560e-02   80
  1.307755e-01   4.515618e-01   2.256064e-03   3.830639e-02   90
  1.425441e-01   4.285839e-01   3.543669e-03   4.258063e-02   120
  1.582527e-01   5.375966e-01   2.464158e-03   4.250459e-02   126
  1.688432e-01   6.487220e-01   3.154548e-03   5.728377e-02   152
  1.836782e-01   7.221301e-01   3.159459e-03   4.935991e-02   186
  1.984188e-01   8.407560e-01   4.320525e-03   4.837326e-02   264
  2.103968e-01   1.007133e+00   2.329274e-03   6.901598e-02   168
  2.256796e-01   1.095321e+00   4.166516e-03   6.035701e-02   386
  2.384685e-01   9.108704e-01   2.522415e-03   6.581453e-02   192
  2.510516e-01   1.375870e+00   4.136055e-03   6.933319e-02   390
  2.651879e-01   1.286715e+00   4.330201e-03   6.666864e-02   396
  2.784685e-01   1.479850e+00   4.297623e-03   7.491407e-02   398
  2.930683e-01   1.556498e+00   4.203503e-03   6.300137e-02   576
  3.074355e-01   1.479725e+00   4.268936e-03   6.986777e-02   444
  3.196306e-01   2.120256e+00   3.633305e-03   8.327682e-02   558
  3.339439e-01   2.028633e+00   4.431845e-03   7.393402e-02   680
  3.482695e-01   2.190498e+00   3.737612e-03   9.289735e-02   654
  3.606702e-01   2.247854e+00   3.098283e-03   8.728192e-02   636
  3.744701e-01   2.551930e+00   4.625996e-03   8.373333e-02   822
  3.874721e-01   2.793248e+00   3.413739e-03   9.555383e-02   800
  4.008383e-01   2.871984e+00   3.425402e-03   1.032070e-01   804
  4.144585e-01   3.318225e+00   4.248130e-03   1.097867e-01   1038
  4.276450e-01   3.220407e+00   3.327722e-03   1.039302e-01   936
  4.419378e-01   3.249857e+00   3.846286e-03   9.479621e-02   1130
  4.548921e-01   3.753899e+00   3.615260e-03   1.113666e-01   1104
  4.691124e-01   3.595344e+00   4.008065e-03   1.028864e-01   1230
  4.821164e-01   4.114320e+00   4.056757e-03   1.078702e-01   1260
  4.953275e-01   4.347638e+00   3.524350e-03   1.248505e-01   1286
  5.102690e-01   4.294854e+00   4.314822e-03   1.030034e-01   1728
  5.244277e-01   4.730240e+00   3.776779e-03   1.245796e-01   1392
  5.378841e-01   4.928877e+00   3.611560e-03   1.198244e-01   1626
  5.516772e-01   5.016507e+00   4.176112e-03   1.198440e-01   1760
  5.655257e-01   5.253925e+00   3.476948e-03   1.288809e-01   1686
  5.785810e-01   5.377670e+00   3.624350e-03   1.238456e-01   1812
  5.917556e-01   5.818438e+00   3.946744e-03   1.372839e-01   1814
  6.054204e-01   6.142643e+00   3.824700e-03   1.250483e-01   2208
  6.193001e-01   6.250156e+00   3.672349e-03   1.478347e-01   1956
  6.331106e-01   6.526034e+00   4.113541e-03   1.323762e-01   2454
  6.464857e-01   6.912050e+00   3.232255e-03   1.464665e-01   2016
  6.600246e-01   6.998826e+00   4.250694e-03   1.392435e-01   2570
  6.734642e-01   7.479681e+00   3.674585e-03   1.502432e-01   2400
  6.869599e-01   7.644422e+00   4.165537e-03   1.587595e-01   2526
  7.003842e-01   7.521594e+00   4.183440e-03   1.396823e-01   2840
  7.144275e-01   8.099055e+00   3.954639e-03   1.472077e-01   2820
  7.283394e-01   8.875776e+00   4.001183e-03   1.622302e-01   2958
  7.415388e-01   9.474057e+00   4.046069e-03   1.727076e-01   2976
  7.554540e-01   9.513769e+00   4.042208e-03   1.652540e-01   3186
  7.684962e-01   9.651143e+00   3.846112e-03   1.697334e-01   3128
  7.826392e-01   1.002469e+01   4.125155e-03   1.718790e-01   3606
  7.961215e-01   1.042639e+01   3.786344e-03   1.700042e-01   3276
  8.090174e-01   1.020774e+01   3.971636e-03   1.670030e-01   3480
  8.225598e-01   1.097748e+01   3.784476e-03   1.774838e-01   3758
  8.357786e-01   1.165409e+01   3.799764e-03   1.909657e-01   3744
  8.498520e-01   1.170594e+01   3.854902e-03   1.859026e-01   4170
  8.633049e-01   1.213346e+01   3.798313e-03   1.970904e-01   3984
  8.770071e-01   1.241355e+01   3.926232e-03   1.877064e-01   4334
  8.905275e-01   1.317067e+01   3.529674e-03   1.936273e-01   4284
  9.038804e-01   1.377413e+01   3.916433e-03   2.039669e-01   4374
  9.178385e-01   1.374345e+01   4.059177e-03   1.928774e-01   5016
  9.315884e-01   1.355454e+01   3.852497e-03   2.018512e-01   4580
  9.452952e-01   1.471078e+01   3.966708e-03   2.029898e-01   5142
  9.592763e-01   1.508378e+01   3.910943e-03   2.097114e-01   5184
  9.729633e-01   1.531652e+01   3.939164e-03   2.207848e-01   5058
  9.861190e-01   1.540318e+01   3.769886e-03   2.083335e-01   5384
  1.000186e+00   1.582178e+01   4.035866e-03   2.094417e-01   5622
  1.013753e+00   1.578974e+01   3.904870e-03   2.096827e-01   5736
  1.027283e+00   1.693817e+01   3.647351e-03   2.206917e-01   5612
  1.040858e+00   1.721879e+01   3.845168e-03   2.244358e-01   6054
  1.054301e+00   1.718008e+01   3.830035e-03   2.237811e-01   6096
  1.068351e+00   1.711808e+01   4.010733e-03   2.063535e-01   6474
  1.081347e+00   1.878298e+01   3.667309e-03   2.391572e-01   6024
  1.095246e+00   1.827555e+01   4.065639e-03   2.137872e-01   7070
  1.109016e+00   1.918771e+01   3.717857e-03   2.331515e-01   6516
  1.122225e+00   1.931348e+01   4.039916e-03   2.231807e-01   6936
  1.135977e+00   1.971359e+01   3.839772e-03   2.325220e-01   7070
  1.149314e+00   2.061517e+01   4.091678e-03   2.379849e-01   7284
  1.163464e+00   2.097464e+01   4.073978e-03   2.287821e-01   7878
  1.177130e+00   2.129882e+01   3.909712e-03   2.439946e-01   7344
  1.190321e+00   2.139562e+01   4.084811e-03   2.416229e-01   7646
  1.204111e+00   2.212873e+01   4.038054e-03   2.365966e-01   8460
  1.217997e+00   2.216530e+01   3.926378e-03   2.504078e-01   7920
  1.231156e+00   2.260879e+01   3.721931e-03   2.479228e-01   8118
  1.244553e+00   2.341832e+01   4.024635e-03   2.481405e-01   8548
  1.258178e+00   2.356406e+01   3.921185e-03   2.523571e-01   8710
  1.271691e+00   2.418650e+01   3.764707e-03   2.589545e-01   8928
  1.285561e+00   2.466838e+01   4.047597e-03   2.621428e-01   9186
  1.298846e+00   2.496824e+01   3.750366e-03   2.658162e-01   9168
  1.312565e+00   2.469301e+01   3.864081e-03   2.507163e-01   9470
  1.325964e+00   2.524400e+01   3.802716e-03   2.590187e-01   9564
  1.339705e+00   2.517025e+01   3.996268e-03   2.505101e-01   10296
  1.353676e+00   2.609683e+01   3.842834e-03   2.546583e-01   9974
  1.366862e+00   2.620164e+01   3.854101e-03   2.577575e-01   10176
  1.380980e+00   2.673771e+01   4.068810e-03   2.550040e-01   11082
  1.394750e+00   2.649365e+01   3.959255e-03   2.619554e-01   10632
  1.408193e+00   2.813863e+01   3.889692e-03   2.727540e-01   10718
  1.421788e+00   2.726077e+01   3.905400e-03   2.534363e-01   11292
  1.435384e+00   2.767959e+01   3.993093e-03   2.606746e-01   11352
  1.449104e+00   2.822669e+01   3.785706e-03   2.608956e-01   11550
  1.462441e+00   2.894134e+01   3.952267e-03   2.664275e-01   11564
  1.476107e+00   2.923824e+01   3.952073e-03   2.710829e-01   12246
  1.489723e+00   3.044745e+01   3.772425e-03   2.817265e-01   12096
  1.503400e+00   2.951404e+01   4.087643e-03   2.591133e-01   12582
  1.516919e+00   2.988660e+01   3.787547e-03   2.681014e-01   12612
  1.530766e+00   3.033986e+01   4.098583e-03   2.697605e-01   13328
  1.544314e+00   3.129980e+01   3.674401e-03   2.820447e-01   12654
  1.557593e+00   3.065417e+01   3.885118e-03   2.673632e-01   13236
  1.571003e+00   3.095823e+01   3.956485e-03   2.662403e-01   13270
  1.584639e+00   3.166819e+01   4.050033e-03   2.631728e-01   14512
  1.598830e+00   3.205414e+01   4.069077e-03   2.689754e-01   14226
  1.612168e+00   3.247765e+01   3.908672e-03   2.705579e-01   14088
  1.625624e+00   3.215043e+01   3.879336e-03   2.612153e-01   14208
  1.639178e+00   3.238738e+01   4.071732e-03   2.625566e-01   15074
  1.652966e+00   3.314407e+01   4.075022e-03   2.661642e-01   15480
  1.666752e+00   3.310549e+01   3.843772e-03   2.733536e-01   14862
  1.679789e+00   3.294376e+01   3.927431e-03   2.653933e-01   15232
  1.693506e+00   3.313573e+01   3.931524e-03   2.593510e-01   16018
  1.706973e+00   3.379456e+01   3.816759e-03   2.633471e-01   15720
  1.720412e+00   3.393909e+01   3.911029e-03   2.624150e-01   16296
  1.734261e+00   3.444629e+01   3.879045e-03   2.610284e-01   17010
  1.747710e+00   3.451589e+01   3.776189e-03   2.693487e-01   16328
  1.761238e+00   3.443414e+01   3.711062e-03   2.615139e-01   17094
  1.774811e+00   3.492881e+01   3.924532e-03   2.633215e-01   17436
  1.788534e+00   3.529147e+01   3.989493e-03   2.662400e-01   17862
  1.802314e+00   3.564472e+01   3.866890e-03   2.609115e-01   18200
  1.816191e+00   3.464044e+01   4.099167e-03   2.541089e-01   18450
  1.829771e+00   3.594047e+01   3.838324e-03   2.666200e-01   18384
  1.843323e+00   3.548861e+01   3.923486e-03   2.593477e-01   18504
  1.856855e+00   3.668280e+01   3.885045e-03   2.607933e-01   19142
  1.870661e+00   3.635550e+01   3.895698e-03   2.606999e-01   19692
  1.884317e+00   3.652358e+01   3.914843e-03   2.663374e-01   19062
  1.897677e+00   3.715110e+01   3.958747e-03   2.628451e-01   20184
  1.911496e+00   3.742939e+01   3.897574e-03   2.721436e-01   19970
  1.924963e+00   3.703012e+01   3.909731e-03   2.596753e-01   20496
  1.938839e+00   3.699302e+01   4.023732e-03   2.513123e-01   21456
  1.952332e+00   3.699801e+01   3.635348e-03   2.603407e-01   19650
  1.965583e+00   3.774362e+01   4.039758e-03   2.518614e-01   22040
  1.979557e+00   3.749934e+01   3.828807e-03   2.553103e-01   21558
  1.993024e+00   3.732812e+01   3.951337e-03   2.538112e-01   21804
  2.006530e+00   3.828612e+01   3.912103e-03   2.584245e-01   21846
  2.020013e+00   3.808157e+01   3.927065e-03   2.518437e-01   22496
  2.033563e+00   3.761996e+01   3.987707e-03   2.451151e-01   22776
  2.047479e+00   3.862638e+01   3.994392e-03   2.516676e-01   23874
  2.061145e+00   3.836990e+01   4.027768e-03   2.516356e-01   23120
  2.074737e+00   3.910938e+01   3.956099e-03   2.514479e-01   23958
  2.088373e+00   3.843257e+01   3.906756e-03   2.457490e-01   23892
  2.101727e+00   3.863417e+01   3.924859e-03   2.499753e-01   23550
  2.115216e+00   3.932574e+01   3.968932e-03   2.468118e-01   25296
  2.128915e+00   3.911746e+01   3.924347e-03   2.498035e-01   24452
  2.142311e+00   3.846148e+01   3.835662e-03   2.429927e-01   25254
  2.156023e+00   3.851238e+01   3.969357e-03   2.383922e-01   26016
  2.169543e+00   3.910597e+01   3.782439e-03   2.451090e-01   25182
  2.183190e+00   3.924117e+01   3.967911e-03   2.326902e-01   27428
  2.197036e+00   3.887527e+01   3.811822e-03   2.367108e-01   25974
  2.210356e+00   3.889405e+01   3.861453e-03   2.376668e-01   26904
  2.223881e+00   3.946077e+01   3.824751e-03   2.403908e-01   26730
  2.237420e+00   3.986274e+01   3.914440e-03   2.405728e-01   27896
  2.251310e+00   3.962703e+01   4.054409e-03   2.325845e-01   28992
  2.265347e+00   4.061298e+01   3.954062e-03   2.415510e-01   28698
  2.278737e+00   3.947902e+01   3.843600e-03   2.330570e-01   27776
  2.292429e+00   4.039964e+01   3.995766e-03   2.362104e-01   29814
  2.306139e+00   3.993198e+01   3.915312e-03   2.328672e-01   29148
  2.319524e+00   3.964826e+01   3.875582e-03   2.316818e-01   28806
  2.333025e+00   3.981832e+01   3.958903e-03   2.272171e-01   30408
  2.346651e+00   3.974219e+01   3.963675e-03   2.279724e-01   30320
  2.360383e+00   4.007625e+01   3.835440e-03   2.281546e-01   30930
  2.374113e+00   4.009423e+01   4.052392e-03   2.214262e-01   31656
  2.387552e+00   3.918257e+01   3.767771e-03   2.259956e-01   30038
  2.401049e+00   3.976503e+01   3.994026e-03   2.187214e-01   32772
  2.414634e+00   4.010705e+01   3.846851e-03   2.285249e-01   30846
  2.428124e+00   3.980826e+01   4.001639e-03   2.195874e-01   33480
  2.441934e+00   3.993209e+01   4.002753e-03   2.210679e-01   32804
  2.455419e+00   3.998315e+01   3.837070e-03   2.201765e-01   32814
  2.469066e+00   3.963555e+01   3.979794e-03   2.130114e-01   34200
  2.482757e+00   4.014893e+01   3.961173e-03   2.187846e-01   33594
  2.496189e+00   3.990897e+01   3.958120e-03   2.160265e-01   34336
  2.509895e+00   3.959528e+01   4.021608e-03   2.144085e-01   34822
  2.523498e+00   3.942851e+01   3.984730e-03   2.078554e-01   35472
  2.537012e+00   3.956042e+01   3.829489e-03   2.139257e-01   34404
  2.550515e+00   4.013651e+01   3.989015e-03   2.107611e-01   36254
  2.564036e+00   3.953272e+01   3.909325e-03   2.075120e-01   35952
  2.577685e+00   3.966093e+01   3.865425e-03   2.057688e-01   36570
  2.591221e+00   3.956490e+01   3.945868e-03   2.061923e-01   37176
  2.604897e+00   3.978239e+01   3.868066e-03   2.069726e-01   37374
  2.618539e+00   3.941496e+01   3.900492e-03   2.036175e-01   38084
  2.632053e+00   3.933188e+01   3.851721e-03   2.024973e-01   37590
  2.645768e+00   3.978441e+01   3.924351e-03   2.011359e-01   39480
  2.659318e+00   3.944135e+01   3.881595e-03   2.002180e-01   38228
  2.672896e+00   3.935434e+01   3.832629e-03   1.983857e-01   39678
  2.686732e+00   3.879548e+01   4.013848e-03   1.936213e-01   40944
  2.700458e+00   3.931704e+01   3.906598e-03   2.007591e-01   39678
  2.713942e+00   3.843020e+01   3.899880e-03   1.940621e-01   40652
  2.727541e+00   3.965614e+01   3.970706e-03   1.970105e-01   40758
  2.741211e+00   3.950710e+01   3.946723e-03   1.915348e-01   42216
  2.754895e+00   3.853234e+01   3.941899e-03   1.892201e-01   41532
  2.768446e+00   3.901049e+01   3.908674e-03   1.874085e-01   42134
  2.781915e+00   3.897295e+01   3.852299e-03   1.878211e-01   42216
  2.795593e+00   3.860600e+01   3.995670e-03   1.849140e-01   43530
  2.809225e+00   3.851704e+01   3.940296e-03   1.836868e-01   43848
  2.822801e+00   3.880757e+01   3.861058e-03   1.878800e-01   42854
  2.836455e+00   3.856800e+01   4.071603e-03   1.789901e-01   46176
  2.850131e+00   3.888280e+01   3.770192e-03   1.856757e-01   43380
  2.863598e+00   3.836767e+01   3.917386e-03   1.809069e-01   45294
  2.877132e+00   3.834525e+01   3.960175e-03   1.782174e-01   45744
  2.890932e+00   3.812815e+01   3.942487e-03   1.769629e-01   46682
  2.904469e+00   3.787034e+01   3.914379e-03   1.777852e-01   45840
  2.918029e+00   3.798871e+01   3.983754e-03   1.746483e-01   47118
  2.931574e+00   3.770095e+01   3.902550e-03   1.735691e-01   46916
  2.945138e+00   3.798044e+01   4.001451e-03   1.736806e-01   48192
  2.959047e+00   3.816895e+01   3.978965e-03   1.718508e-01   49566
  2.972418e+00   3.724121e+01   3.826645e-03   1.751556e-01   46284
  2.985778e+00   3.795159e+01   3.941096e-03   1.719898e-01   49486
  2.999427e+00   3.757397e+01   3.935566e-03   1.676686e-01   49840
  3.013055e+00   3.756901e+01   3.926843e-03   1.677560e-01   49806
  3.026747e+00   3.746033e+01   3.938750e-03   1.658577e-01   51492
  3.040282e+00   3.738189e+01   3.850917e-03   1.712357e-01   49488
  3.053928e+00   3.720170e+01   3.960828e-03   1.631397e-01   53198
  3.067660e+00   3.683387e+01   3.817999e-03   1.629987e-01   51060
  3.081158e+00   3.701722e+01   3.894577e-03   1.645210e-01   52134
  3.094688e+00   3.698570e+01   3.888791e-03   1.607692e-01   52864
  3.108319e+00   3.641323e+01   3.904203e-03   1.589004e-01   52930
  3.121955e+00   3.659278e+01   3.954567e-03   1.579516e-01   54936
  3.135758e+00   3.638610e+01   3.897590e-03   1.583970e-01   53886
  3.149230e+00   3.635583e+01   3.937544e-03   1.567165e-01   54268
  3.162743e+00   3.630031e+01   3.939575e-03   1.548712e-01   55264
  3.176547e+00   3.635928e+01   3.942980e-03   1.520226e-01   56358
  3.190083e+00   3.583001e+01   3.916767e-03   1.524110e-01   55632
  3.203717e+00   3.627907e+01   3.912176e-03   1.520887e-01   56514
  3.217266e+00   3.597754e+01   3.982076e-03   1.509974e-01   57248
  3.230810e+00   3.591308e+01   3.904678e-03   1.528010e-01   56766
  3.244673e+00   3.591842e+01   4.094868e-03   1.484437e-01   60804
  3.258170e+00   3.569070e+01   3.776079e-03   1.517116e-01   55416
  3.271753e+00   3.549678e+01   3.996388e-03   1.442069e-01   61286
  3.285338e+00   3.544713e+01   3.833338e-03   1.492452e-01   57396
  3.298806e+00   3.515269e+01   3.991398e-03   1.439767e-01   60870
  3.312472e+00   3.570928e+01   3.883682e-03   1.459427e-01   60248
  3.326075e+00   3.541300e+01   3.982993e-03   1.440871e-01   60978
  3.339697e+00   3.510334e+01   3.918479e-03   1.410017e-01   62016
  3.353256e+00   3.520942e+01   3.912234e-03   1.435812e-01   60768
  3.366742e+00   3.469130e+01   3.948483e-03   1.383880e-01   62806
  3.380458e+00   3.483168e+01   3.971518e-03   1.390946e-01   63868
  3.394173e+00   3.444404e+01   3.950242e-03   1.384957e-01   63054
  3.407522e+00   3.454658e+01   3.889075e-03   1.382363e-01   63024
  3.421149e+00   3.446479e+01   4.000464e-03   1.364273e-01   64882
  3.434670e+00   3.434254e+01   3.899766e-03   1.352875e-01   64744
  3.448305e+00   3.414502e+01   3.892570e-03   1.360415e-01   65688
  3.461951e+00   3.445226e+01   3.915056e-03   1.360891e-01   65994
  3.475449e+00   3.404475e+01   3.920197e-03   1.326453e-01   66648
  3.489190e+00   3.399910e+01   3.861504e-03   1.318911e-01   67310
  3.502679e+00   3.401507e+01   3.876178e-03   1.314153e-01   67224
  3.516300e+00   3.432813e+01   3.864568e-03   1.315441e-01   68034
  3.529960e+00   3.423966e+01   3.966927e-03   1.315249e-01   69744
  3.543594e+00   3.378089e+01   3.885699e-03   1.302116e-01   68654
  3.557414e+00   3.393030e+01   3.971071e-03   1.272867e-01   72132
  3.571044e+00   3.381218e+01   3.879008e-03   1.293945e-01   68520
  3.584509e+00   3.333543e+01   3.898516e-03   1.258666e-01   71070
  3.598179e+00   3.375252e+01   3.958888e-03   1.273965e-01   71948
  3.611821e+00   3.367833e+01   3.929676e-03   1.274075e-01   71598
  3.625467e+00   3.325884e+01   3.942460e-03   1.243227e-01   73536
  3.639107e+00   3.329900e+01   3.937889e-03   1.253198e-01   71802
  3.652514e+00   3.327841e+01   3.891299e-03   1.243044e-01   73280
  3.666109e+00   3.337427e+01   3.935353e-03   1.240828e-01   73992
  3.679845e+00   3.313764e+01   4.017255e-03   1.219302e-01   75966
  3.693428e+00   3.288944e+01   3.879294e-03   1.230755e-01   74364
  3.707067e+00   3.343109e+01   3.965648e-03   1.227468e-01   76094
  3.720600e+00   3.307722e+01   3.905935e-03   1.208045e-01   76224
  3.734235e+00   3.290705e+01   3.912190e-03   1.214700e-01   76242
  3.747669e+00   3.293305e+01   3.927725e-03   1.214154e-01   76960
  3.761291e+00   3.266096e+01   3.936642e-03   1.180640e-01   78664
  3.775137e+00   3.286093e+01   3.964378e-03   1.184632e-01   79962
  3.788660e+00   3.271701e+01   3.891324e-03   1.204823e-01   77760
  3.802214e+00   3.289010e+01   3.906151e-03   1.210144e-01   79590
  3.815784e+00   3.296242e+01   3.980873e-03   1.194773e-01   80732
  3.829489e+00   3.252270e+01   3.955057e-03   1.173331e-01   81174
  3.843061e+00   3.289312e+01   3.897815e-03   1.200362e-01   80832
  3.856429e+00   3.290129e+01   3.890120e-03   1.192922e-01   80040
  3.870041e+00   3.312641e+01   3.937062e-03   1.178566e-01   84266
  3.883800e+00   3.285690e+01   3.965191e-03   1.181073e-01   83592
  3.897465e+00   3.325084e+01   3.910254e-03   1.199862e-01   83838
  3.910997e+00   3.291852e+01   3.872159e-03   1.180642e-01   83676
  3.924583e+00   3.291037e+01   3.944483e-03   1.187389e-01   84950
  3.938101e+00   3.296971e+01   3.827494e-03   1.181414e-01   84912
  3.951789e+00   3.295157e+01   3.995013e-03   1.158080e-01   87162
  3.965420e+00   3.312844e+01   3.878666e-03   1.177102e-01   86440
  3.978946e+00   3.324600e+01   3.856469e-03   1.186794e-01   86560
  3.992604e+00   3.346467e+01   3.947133e-03   1.185660e-01   88698
  4.006224e+00   3.309723e+01   3.908165e-03   1.164085e-01   88920
  4.019914e+00   3.301033e+01   3.907564e-03   1.182166e-01   88323
  4.033463e+00   3.320319e+01   3.941385e-03   1.180426e-01   89360
  4.047191e+00   3.287846e+01   3.920678e-03   1.177904e-01   89040
  4.060772e+00   3.291711e+01   3.965659e-03   1.178934e-01   87684
  4.074289e+00   3.227856e+01   3.941664e-03   1.152397e-01   87900
  4.087951e+00   3.253202e+01   3.932995e-03   1.173685e-01   87884
  4.101525e+00   3.226010e+01   3.936703e-03   1.152506e-01   86844
  4.115106e+00   3.220761e+01   3.939490e-03   1.147118e-01   87216
  4.128692e+00   3.201929e+01   3.930534e-03   1.156828e-01   85952
  4.142291e+00   3.141043e+01   3.981611e-03   1.117692e-01   87264
  4.156016e+00   3.145511e+01   3.930927e-03   1.125266e-01   86316
  4.169516e+00   3.155251e+01   3.887819e-03   1.142652e-01   83976
  4.183033e+00   3.130452e+01   3.957351e-03   1.117771e-01   85928
  4.196752e+00   3.120265e+01   3.971860e-03   1.137702e-01   85608
  4.210347e+00   3.101699e+01   3.902488e-03   1.139848e-01   83964
  4.223963e+00   3.079925e+01   3.940777e-03   1.111336e-01   84708
  4.237476e+00   3.065423e+01   3.905502e-03   1.125967e-01   82260
  4.250988e+00   3.036247e+01   3.945996e-03   1.097364e-01   84296
  4.264733e+00   2.999014e+01   3.941065e-03   1.091484e-01   83460
  4.278231e+00   3.025155e+01   3.898421e-03   1.118591e-01   81444
  4.291717e+00   3.002753e+01   3.905830e-03   1.109447e-01   82144
  4.305327e+00   2.963813e+01   3.952156e-03   1.100115e-01   82180
  4.318919e+00   2.955360e+01   3.889070e-03   1.086907e-01   81420
  4.332623e+00   2.910882e+01   3.967259e-03   1.062861e-01   82104
  4.346159e+00   2.937671e+01   3.882328e-03   1.090350e-01   79620
  4.359759e+00   2.917901e+01   3.897281e-03   1.063516e-01   81236
  4.373418e+00   2.879978e+01   3.880312e-03   1.073624e-01   79608
  4.387029e+00   2.888612e+01   3.933006e-03   1.063749e-01   80268
  4.400643e+00   2.869798e+01   3.850171e-03   1.065073e-01   78412
  4.414192e+00   2.860549e+01   3.922071e-03   1.059598e-01   78952
  4.427933e+00   2.823332e+01   3.938715e-03   1.051248e-01   79656
  4.441606e+00   2.824920e+01   3.881671e-03   1.066570e-01   77184
  4.455081e+00   2.809219e+01   3.897139e-03   1.059429e-01   76944
  4.468742e+00   2.795129e+01   3.934255e-03   1.052594e-01   77984
  4.482318e+00   2.784178e+01   3.887487e-03   1.058889e-01   75336
  4.495891e+00   2.793196e+01   3.967951e-03   1.045373e-01   77280
  4.509585e+00   2.750581e+01   3.911883e-03   1.044262e-01   75120
  4.523186e+00   2.736672e+01   4.006918e-03   1.031044e-01   76364
  4.536881e+00   2.739238e+01   3.870669e-03   1.042591e-01   74244
  4.550448e+00   2.721117e+01   4.007133e-03   1.032404e-01   74400
  4.563952e+00   2.704648e+01   3.919594e-03   1.049270e-01   73388
  4.577709e+00   2.694093e+01   3.981865e-03   1.040700e-01   74964
  4.591267e+00   2.671413e+01   3.838052e-03   1.049289e-01   71100
  4.604865e+00   2.653634e+01   3.984832e-03   1.026042e-01   74100
  4.618437e+00   2.646019e+01   3.839966e-03   1.045717e-01   70068
  4.631915e+00   2.658427e+01   3.927566e-03   1.030321e-01   72296
  4.645712e+00   2.586490e+01   3.920569e-03   1.006282e-01   71724
  4.659287e+00   2.606347e+01   3.930407e-03   1.021240e-01   69852
  4.672792e+00   2.571503e+01   3.886828e-03   1.005886e-01   69732
  4.686387e+00   2.598105e+01   3.918196e-03   1.018014e-01   69512
  4.699982e+00   2.570992e+01   3.922067e-03   1.021071e-01   69252
  4.713606e+00   2.555073e+01   3.871092e-03   1.014901e-01   68064
  4.727139e+00   2.554553e+01   3.988880e-03   1.023227e-01   67944
  4.740774e+00   2.556234e+01   3.945867e-03   1.010374e-01   68204
  4.754479e+00   2.524725e+01   3.902220e-03   1.012687e-01   66684
  4.767989e+00   2.524323e+01   3.962347e-03   1.020604e-01   66264
  4.781640e+00   2.479936e+01   3.928075e-03   9.901163e-02   66368
  4.795269e+00   2.489089e+01   3.954395e-03   1.012148e-01   65100
  4.808774e+00   2.503256e+01   3.896555e-03   1.013000e-01   64644
  4.822442e+00   2.481632e+01   3.926189e-03   1.014332e-01   64440
  4.835874e+00   2.447662e+01   3.906547e-03   1.009755e-01   62668
  4.849538e+00   2.443585e+01   3.941186e-03   9.912398e-02   64696
  4.863356e+00   2.457661e+01   3.937367e-03   1.012650e-01   62820
  4.876903e+00   2.430912e+01   3.924058e-03   1.007401e-01   61920
  4.890519e+00   2.419112e+01   3.892807e-03   9.999630e-02   61532
  4.903985e+00   2.408678e+01   3.879794e-03   1.019500e-01   59952
  4.917706e+00   2.408078e+01   4.001762e-03   9.896635e-02   62460
  4.931448e+00   2.410799e+01   3.882676e-03   1.024854e-01   58644
  4.944703e+00   2.402511e+01   3.891283e-03   1.023287e-01   58188
  4.958407e+00   2.378727e+01   3.945950e-03   1.010630e-01   60044
  4.972127e+00   2.361574e+01   3.952119e-03   1.016790e-01   57780
  4.985746e+00   2.361374e+01   3.974538e-03   1.010156e-01   58380
  4.999353e+00   2.366080e+01   3.828451e-03   1.036682e-01   55508
  5.012797e+00   2.333822e+01   3.995934e-03   1.009172e-01   56964
  5.026563e+00   2.324765e+01   3.869203e-03   1.007023e-01   56148
  5.040180e+00   2.330186e+01   3.936315e-03   1.034779e-01   54468
  5.053627e+00   2.302349e+01   3.966640e-03   1.005620e-01   54540
  5.067356e+00   2.323403e+01   3.927116e-03   1.026658e-01   54512
  5.080932e+00   2.279029e+01   3.890016e-03   1.022522e-01   52488
  5.094532e+00   2.314582e+01   3.948577e-03   1.041856e-01   53400
  5.108248e+00   2.308394e+01   3.977201e-03   1.038028e-01   51972
  5.121705e+00   2.275479e+01   3.889875e-03   1.032174e-01   50924
  5.135379e+00   2.271711e+01   3.876250e-03   1.042053e-01   51120
  5.148878e+00   2.267576e+01   3.938458e-03   1.043661e-01   49116
  5.162337e+00   2.283498e+01   3.939938e-03   1.057263e-01   49920
  5.176058e+00   2.265969e+01   3.882717e-03   1.044190e-01   48692
  5.189489e+00   2.265046e+01   3.893182e-03   1.066819e-01   47532
  5.203137e+00   2.267378e+01   3.925008e-03   1.063728e-01   48312
  5.216836e+00   2.259518e+01   3.962643e-03   1.082181e-01   46704
  5.230366e+00   2.238904e+01   3.892765e-03   1.075839e-01   46328
  5.244111e+00   2.216502e+01   3.900492e-03   1.063898e-01   45804
  5.257589e+00   2.250510e+01   3.934448e-03   1.119012e-01   44220
  5.271112e+00   2.245489e+01   3.881510e-03   1.107629e-01   44304
  5.284818e+00   2.221823e+01   3.985672e-03   1.091353e-01   43820
  5.298445e+00   2.240649e+01   3.950509e-03   1.126090e-01   43236
  5.312248e+00   2.259231e+01   3.928669e-03   1.145810e-01   42420
  5.325688e+00   2.219563e+01   3.958233e-03   1.136530e-01   40544
  5.339290e+00   2.241918e+01   3.935768e-03   1.137092e-01   41928
  5.353228e+00   2.198177e+01   3.931004e-03   1.144859e-01   40200
  5.366626e+00   2.201169e+01   3.930153e-03   1.177566e-01   38640
  5.380163e+00   2.240591e+01   3.875494e-03   1.191765e-01   38712
  5.393787e+00   2.214093e+01   4.017068e-03   1.209382e-01   38036
  5.407342e+00   2.231672e+01   3.854863e-03   1.224604e-01   37212
  5.421204e+00   2.215125e+01   3.998215e-03   1.205683e-01   37212
  5.434437e+00   2.214316e+01   3.855735e-03   1.249235e-01   33936
  5.447987e+00   2.225476e+01   3.905680e-03   1.221233e-01   36404
  5.461917e+00   2.191451e+01   3.920949e-03   1.274145e-01   34080
  5.475391e+00   2.193608e+01   4.034490e-03   1.239520e-01   33996
  5.489087e+00   2.199767e+01   3.805809e-03   1.279034e-01   32472
  5.502507e+00   2.149177e+01   3.947481e-03   1.288353e-01   31628
  5.516181e+00   2.197300e+01   3.996502e-03   1.313693e-01   32472
  5.530078e+00   2.182218e+01   3.904987e-03   1.325799e-01   30348
  5.543315e+00   2.178444e+01   3.907680e-03   1.382790e-01   28988
  5.556948e+00   2.162166e+01   3.919595e-03   1.325412e-01   29880
  5.570778e+00   2.126795e+01   3.955435e-03   1.332460e-01   28356
  5.584275e+00   2.133099e+01   3.902665e-03   1.359958e-01   27396
  5.597858e+00   2.150834e+01   3.876545e-03   1.405911e-01   26544
  5.611370e+00   2.079730e+01   3.970535e-03   1.365498e-01   26204
  5.625030e+00   2.102913e+01   3.807950e-03   1.428035e-01   25140
  5.638649e+00   2.135424e+01   3.963252e-03   1.445770e-01   24372
  5.652089e+00   2.093067e+01   3.969808e-03   1.443806e-01   23520
  5.665729e+00   2.084663e+01   3.895837e-03   1.460353e-01   23072
  5.679307e+00   2.019602e+01   3.798072e-03   1.449714e-01   21672
  5.692886e+00   2.042467e+01   4.020644e-03   1.456148e-01   21651
  5.706508e+00   2.026416e+01   3.952612e-03   1.492555e-01   20538
  5.720047e+00   1.964270e+01   3.818309e-03   1.489118e-01   19856
  5.733890e+00   1.964468e+01   3.981211e-03   1.462493e-01   19926
  5.747594e+00   2.007858e+01   3.944098e-03   1.556117e-01   18498
  5.760935e+00   1.989447e+01   3.914769e-03   1.546486e-01   17854
  5.774519e+00   1.960703e+01   3.923196e-03   1.514424e-01   17770
  5.788396e+00   1.937516e+01   4.034994e-03   1.506619e-01   17628
  5.802026e+00   1.918862e+01   3.889486e-03   1.603818e-01   16104
  5.815233e+00   1.896844e+01   3.882016e-03   1.574743e-01   15660
  5.829022e+00   1.893372e+01   4.074494e-03   1.578716e-01   16400
  5.842875e+00   1.931840e+01   3.802365e-03   1.676799e-01   14868
  5.856390e+00   1.921260e+01   3.969648e-03   1.656961e-01   14616
  5.869791e+00   1.882498e+01   3.943700e-03   1.657553e-01   13932
  5.883556e+00   1.863764e+01   4.062357e-03   1.573325e-01   14486
  5.897349e+00   1.826975e+01   3.662010e-03   1.663981e-01   12864
  5.910717e+00   1.880251e+01   3.994542e-03   1.707132e-01   12900
  5.924175e+00   1.852752e+01   4.028686e-03   1.731131e-01   12562
  5.937964e+00   1.854449e+01   3.894212e-03   1.722253e-01   12460
  5.951790e+00   1.873127e+01   3.764053e-03   1.769171e-01   11646
  5.965277e+00   1.849328e+01   4.028947e-03   1.757403e-01   11352
  5.978564e+00   1.848455e+01   3.931744e-03   1.806407e-01   10758
  5.992150e+00   1.833000e+01   3.833208e-03   1.786474e-01   10898
  6.006104e+00   1.819275e+01   3.829055e-03   1.816347e-01   10500
  6.019849e+00   1.812934e+01   4.032945e-03   1.802881e-01   10050
  6.033042e+00   1.825655e+01   3.834876e-03   1.916740e-01   9174
  6.046398e+00   1.825930e+01   3.815691e-03   1.932473e-01   9476
  6.060298e+00   1.864790e+01   3.832931e-03   2.008381e-01   9186
  6.074000e+00   1.860621e+01   3.978452e-03   2.063844e-01   8694
  6.087138e+00   1.837565e+01   3.802106e-03   2.156934e-01   8010
  6.100712e+00   1.791469e+01   3.918842e-03   1.975746e-01   8486
  6.114616e+00   1.827642e+01   3.743319e-03   2.100516e-01   7740
  6.128192e+00   1.860515e+01   4.122262e-03   2.187771e-01   7650
  6.141369e+00   1.844783e+01   3.837708e-03   2.258989e-01   6918
  6.155106e+00   1.800905e+01   3.973808e-03   2.106513e-01   7490
  6.169365e+00   1.902786e+01   3.841312e-03   2.323834e-01   6846
  6.182899e+00   1.837341e+01   4.097584e-03   2.300799e-01   6366
  6.195855e+00   1.879250e+01   3.985056e-03   2.460674e-01   5978
  6.209624e+00   1.840707e+01   3.973443e-03   2.291604e-01   6438
  6.223953e+00   1.820694e+01   3.713119e-03   2.426337e-01   5856
  6.237588e+00   1.876286e+01   4.056220e-03   2.525435e-01   5478
  6.250458e+00   1.859754e+01   3.970577e-03   2.663829e-01   4974
  6.263859e+00   1.853630e+01   3.893546e-03   2.539162e-01   5330
  6.278158e+00   1.854284e+01   3.800745e-03   2.566013e-01   5070
  6.291981e+00   1.859754e+01   4.021693e-03   2.680566e-01   4650
  6.304934e+00   1.971470e+01   3.921060e-03   3.020677e-01   4206
  6.318419e+00   1.867457e+01   3.913071e-03   2.766196e-01   4502
  6.332575e+00   1.783708e+01   3.748429e-03   2.735819e-01   4122
  6.346081e+00   1.927105e+01   4.082538e-03   3.153724e-01   3846
  6.358970e+00   1.848231e+01   3.827310e-03   3.194215e-01   3522
  6.372735e+00   1.809961e+01   3.830019e-03   2.912008e-01   3806
  6.387400e+00   1.831067e+01   3.938369e-03   3.057212e-01   3582
  6.400807e+00   1.860807e+01   3.966273e-03   3.367955e-01   2916
  6.412918e+00   2.008498e+01   3.719496e-03   3.720012e-01   2846
  6.426957e+00   1.832815e+01   3.704775e-03   3.223547e-01   3210
  6.442023e+00   2.010431e+01   3.823963e-03   3.773678e-01   2934
  6.455358e+00   1.874171e+01   4.132242e-03   4.034013e-01   2286
  6.466712e+00   2.020152e+01   3.564076e-03   4.039691e-01   2186
  6.480937e+00   1.971004e+01   3.548446e-03   3.738035e-01   2670
  6.496618e+00   1.990742e+01   3.626045e-03   3.955281e-01   2418
  6.510243e+00   2.025014e+01   4.163535e-03   4.783345e-01   1734
  6.520389e+00   2.141048e+01   3.380254e-03   5.450410e-01   1598
  6.534825e+00   2.108481e+01   3.392926e-03   4.264421e-01   2178
  6.551129e+00   1.961121e+01   3.264100e-03   4.499610e-01   1944
  6.565475e+00   2.050039e+01   3.951512e-03   5.377491e-01   1326
  6.574347e+00   2.061954e+01   3.483848e-03   5.892721e-01   1098
  6.588627e+00   2.008869e+01   3.114351e-03   4.775525e-01   1670
  6.605318e+00   2.120244e+01   2.966416e-03   5.290037e-01   1506
  6.620914e+00   2.148122e+01   3.705733e-03   6.393748e-01   1134
  6.628491e+00   2.259275e+01   2.990986e-03   1.070827e+00   558
  6.642518e+00   2.170530e+01   3.087466e-03   5.448125e-01   1292
  6.659724e+00   2.430370e+01   2.169084e-03   7.610084e-01   1086
  6.675965e+00   2.232302e+01   2.978593e-03   7.931171e-01   858
  6.681697e+00   2.213760e+01   1.913752e-03   1.257957e+00   246
  6.695739e+00   2.198026e+01   2.219005e-03   7.284787e-01   902
  6.713459e+00   2.230116e+01   1.840625e-03   8.211471e-01   780
  6.730751e+00   2.508344e+01   1.476129e-03   1.012399e+00   606
  6.734883e+00   2.405971e+01   1.019448e-03   2.438118e+00   78
  6.749143e+00   2.324481e+01   1.435913e-03   9.946051e-01   578
  6.766997e+00   2.559639e+01   1.215036e-03   1.123816e+00   486
  6.784822e+00   2.557984e+01   9.199482e-04   1.231795e+00   396
  6.788458e+00   4.100389e+01   1.245875e-07   7.241011e+00   6
  6.802781e+00   2.669089e+01   8.323259e-04   1.397334e+00   326
  6.820711e+00   2.539690e+01   6.700165e-04   1.431427e+00   258
  6.838666e+00   3.237714e+01   5.266681e-04   2.321870e+00   198
  6.856647e+00   2.352404e+01   4.018571e-04   2.316542e+00   146
  6.874651e+00   2.604335e+01   2.949634e-04   2.661544e+00   102
  6.892681e+00   2.948658e+01   2.049921e-04   3.670801e+00   66
  6.910733e+00   2.662243e+01   1.301902e-04   3.843036e+00   38
  6.928809e+00   5.112918e+01   6.714806e-05   8.321044e+00   18
  6.946899e+00   2.412370e+01   0.000000e+00   6.234758e+00   6
