# power spectrum of delta
# redshift z=0.980902
# k              Pk             sigma(k)       sigma(Pk)      count
  3.141593e-02   5.506310e-03   0.000000e+00   2.053747e-03   6
  4.442883e-02   2.763444e-02   0.000000e+00   6.036395e-03   12
  5.802164e-02   3.739955e-02   4.165766e-03   7.170631e-03   14
  7.360057e-02   6.782960e-02   3.352421e-03   7.994250e-03   48
  9.270775e-02   8.122518e-02   2.435008e-03   8.845963e-03   42
  1.017704e-01   8.034899e-02   2.424479e-03   1.118791e-02   48
  1.153929e-01   1.168908e-01   2.906092e-03   1.263757e-02   80
  1.307755e-01   1.741191e-01   2.256064e-03   1.443714e-02   90
  1.425441e-01   1.635629e-01   3.543669e-03   1.657410e-02   120
  1.582527e-01   2.077617e-01   2.464158e-03   1.651568e-02   126
  1.688432e-01   2.310158e-01   3.154548e-03   2.056392e-02   152
  1.836782e-01   2.637233e-01   3.159459e-03   1.847349e-02   186
  1.984188e-01   3.070909e-01   4.320525e-03   1.868370e-02   264
  2.103968e-01   3.685385e-01   2.329274e-03   2.690108e-02   168
  2.256796e-01   3.781023e-01   4.166516e-03   2.054572e-02   386
  2.384685e-01   3.025650e-01   2.522415e-03   2.013954e-02   192
  2.510516e-01   4.360607e-01   4.136055e-03   2.082761e-02   390
  2.651879e-01   3.919943e-01   4.330201e-03   2.102911e-02   396
  2.784685e-01   4.890417e-01   4.297623e-03   2.623977e-02   398
  2.930683e-01   5.084583e-01   4.203503e-03   2.026769e-02   576
  3.074355e-01   5.284948e-01   4.268936e-03   2.583954e-02   444
  3.196306e-01   6.642515e-01   3.633305e-03   2.708694e-02   558
  3.339439e-01   6.253942e-01   4.431845e-03   2.508511e-02   680
  3.482695e-01   6.857981e-01   3.737612e-03   2.770529e-02   654
  3.606702e-01   7.336511e-01   3.098283e-03   2.844346e-02   636
  3.744701e-01   7.537595e-01   4.625996e-03   2.542123e-02   822
  3.874721e-01   8.044907e-01   3.413739e-03   2.767293e-02   800
  4.008383e-01   8.462925e-01   3.425402e-03   3.224013e-02   804
  4.144585e-01   8.726456e-01   4.248130e-03   2.972701e-02   1038
  4.276450e-01   9.442271e-01   3.327722e-03   3.051690e-02   936
  4.419378e-01   9.018772e-01   3.846286e-03   2.550496e-02   1130
  4.548921e-01   1.009353e+00   3.615260e-03   3.017138e-02   1104
  4.691124e-01   1.063942e+00   4.008065e-03   3.103566e-02   1230
  4.821164e-01   1.160177e+00   4.056757e-03   3.192559e-02   1260
  4.953275e-01   1.107561e+00   3.524350e-03   2.980440e-02   1286
  5.102690e-01   1.095826e+00   4.314822e-03   2.659637e-02   1728
  5.244277e-01   1.246982e+00   3.776779e-03   3.483497e-02   1392
  5.378841e-01   1.338035e+00   3.611560e-03   3.361611e-02   1626
  5.516772e-01   1.258284e+00   4.176112e-03   3.165789e-02   1760
  5.655257e-01   1.317671e+00   3.476948e-03   3.128916e-02   1686
  5.785810e-01   1.394570e+00   3.624350e-03   3.376593e-02   1812
  5.917556e-01   1.459446e+00   3.946744e-03   3.232594e-02   1814
  6.054204e-01   1.515566e+00   3.824700e-03   3.256708e-02   2208
  6.193001e-01   1.544941e+00   3.672349e-03   3.560819e-02   1956
  6.331106e-01   1.572759e+00   4.113541e-03   3.142267e-02   2454
  6.464857e-01   1.723160e+00   3.232255e-03   3.874587e-02   2016
  6.600246e-01   1.815908e+00   4.250694e-03   3.629502e-02   2570
  6.734642e-01   1.845879e+00   3.674585e-03   3.827811e-02   2400
  6.869599e-01   1.930521e+00   4.165537e-03   3.910832e-02   2526
  7.003842e-01   1.911635e+00   4.183440e-03   3.678451e-02   2840
  7.144275e-01   1.940503e+00   3.954639e-03   3.796223e-02   2820
  7.283394e-01   2.013575e+00   4.001183e-03   3.681911e-02   2958
  7.415388e-01   2.126690e+00   4.046069e-03   3.739192e-02   2976
  7.554540e-01   2.141052e+00   4.042208e-03   3.942835e-02   3186
  7.684962e-01   2.274214e+00   3.846112e-03   4.020872e-02   3128
  7.826392e-01   2.268206e+00   4.125155e-03   3.780906e-02   3606
  7.961215e-01   2.360191e+00   3.786344e-03   4.189200e-02   3276
  8.090174e-01   2.397682e+00   3.971636e-03   4.125904e-02   3480
  8.225598e-01   2.439295e+00   3.784476e-03   3.801082e-02   3758
  8.357786e-01   2.530417e+00   3.799764e-03   4.043750e-02   3744
  8.498520e-01   2.637729e+00   3.854902e-03   4.202111e-02   4170
  8.633049e-01   2.639775e+00   3.798313e-03   4.155947e-02   3984
  8.770071e-01   2.800379e+00   3.926232e-03   4.463333e-02   4334
  8.905275e-01   2.739744e+00   3.529674e-03   4.069707e-02   4284
  9.038804e-01   2.878820e+00   3.916433e-03   4.456024e-02   4374
  9.178385e-01   2.888315e+00   4.059177e-03   3.965472e-02   5016
  9.315884e-01   2.990319e+00   3.852497e-03   4.491133e-02   4580
  9.452952e-01   3.094569e+00   3.966708e-03   4.477430e-02   5142
  9.592763e-01   3.133781e+00   3.910943e-03   4.447333e-02   5184
  9.729633e-01   3.243759e+00   3.939164e-03   4.656690e-02   5058
  9.861190e-01   3.367940e+00   3.769886e-03   4.449164e-02   5384
  1.000186e+00   3.361059e+00   4.035866e-03   4.563742e-02   5622
  1.013753e+00   3.445127e+00   3.904870e-03   4.350684e-02   5736
  1.027283e+00   3.539974e+00   3.647351e-03   4.718300e-02   5612
  1.040858e+00   3.655663e+00   3.845168e-03   4.873279e-02   6054
  1.054301e+00   3.634158e+00   3.830035e-03   4.650044e-02   6096
  1.068351e+00   3.819564e+00   4.010733e-03   4.773724e-02   6474
  1.081347e+00   3.877011e+00   3.667309e-03   4.937281e-02   6024
  1.095246e+00   3.891641e+00   4.065639e-03   4.560808e-02   7070
  1.109016e+00   3.980023e+00   3.717857e-03   5.004284e-02   6516
  1.122225e+00   4.096289e+00   4.039916e-03   4.930420e-02   6936
  1.135977e+00   4.155031e+00   3.839772e-03   4.948013e-02   7070
  1.149314e+00   4.058119e+00   4.091678e-03   4.823284e-02   7284
  1.163464e+00   4.316771e+00   4.073978e-03   4.808879e-02   7878
  1.177130e+00   4.339739e+00   3.909712e-03   5.027747e-02   7344
  1.190321e+00   4.393238e+00   4.084811e-03   4.876121e-02   7646
  1.204111e+00   4.565948e+00   4.038054e-03   4.926266e-02   8460
  1.217997e+00   4.506967e+00   3.926378e-03   5.125928e-02   7920
  1.231156e+00   4.779069e+00   3.721931e-03   5.272324e-02   8118
  1.244553e+00   4.627434e+00   4.024635e-03   4.987827e-02   8548
  1.258178e+00   4.686732e+00   3.921185e-03   5.060765e-02   8710
  1.271691e+00   4.912854e+00   3.764707e-03   5.179252e-02   8928
  1.285561e+00   5.008082e+00   4.047597e-03   5.317006e-02   9186
  1.298846e+00   5.033950e+00   3.750366e-03   5.195696e-02   9168
  1.312565e+00   5.071800e+00   3.864081e-03   5.034708e-02   9470
  1.325964e+00   5.236836e+00   3.802716e-03   5.423397e-02   9564
  1.339705e+00   5.267889e+00   3.996268e-03   5.169918e-02   10296
  1.353676e+00   5.365228e+00   3.842834e-03   5.278376e-02   9974
  1.366862e+00   5.574930e+00   3.854101e-03   5.515012e-02   10176
  1.380980e+00   5.514699e+00   4.068810e-03   5.177619e-02   11082
  1.394750e+00   5.615033e+00   3.959255e-03   5.384737e-02   10632
  1.408193e+00   5.662889e+00   3.889692e-03   5.424815e-02   10718
  1.421788e+00   5.727177e+00   3.905400e-03   5.357155e-02   11292
  1.435384e+00   5.915783e+00   3.993093e-03   5.494332e-02   11352
  1.449104e+00   5.892487e+00   3.785706e-03   5.524245e-02   11550
  1.462441e+00   6.014953e+00   3.952267e-03   5.524370e-02   11564
  1.476107e+00   6.040864e+00   3.952073e-03   5.484563e-02   12246
  1.489723e+00   6.018943e+00   3.772425e-03   5.546748e-02   12096
  1.503400e+00   6.152310e+00   4.087643e-03   5.444930e-02   12582
  1.516919e+00   6.214596e+00   3.787547e-03   5.553040e-02   12612
  1.530766e+00   6.455671e+00   4.098583e-03   5.592103e-02   13328
  1.544314e+00   6.358861e+00   3.674401e-03   5.812633e-02   12654
  1.557593e+00   6.587709e+00   3.885118e-03   5.719450e-02   13236
  1.571003e+00   6.653816e+00   3.956485e-03   5.748369e-02   13270
  1.584639e+00   6.588767e+00   4.050033e-03   5.483637e-02   14512
  1.598830e+00   6.664990e+00   4.069077e-03   5.575585e-02   14226
  1.612168e+00   6.776786e+00   3.908672e-03   5.904507e-02   14088
  1.625624e+00   6.941955e+00   3.879336e-03   5.822931e-02   14208
  1.639178e+00   6.978713e+00   4.071732e-03   5.793003e-02   15074
  1.652966e+00   7.105816e+00   4.075022e-03   5.744159e-02   15480
  1.666752e+00   7.182040e+00   3.843772e-03   5.896640e-02   14862
  1.679789e+00   7.099047e+00   3.927431e-03   5.780582e-02   15232
  1.693506e+00   7.217434e+00   3.931524e-03   5.719113e-02   16018
  1.706973e+00   7.334866e+00   3.816759e-03   5.838922e-02   15720
  1.720412e+00   7.586841e+00   3.911029e-03   5.958085e-02   16296
  1.734261e+00   7.573465e+00   3.879045e-03   5.808533e-02   17010
  1.747710e+00   7.667170e+00   3.776189e-03   5.988293e-02   16328
  1.761238e+00   7.705542e+00   3.711062e-03   5.756877e-02   17094
  1.774811e+00   7.644468e+00   3.924532e-03   5.795475e-02   17436
  1.788534e+00   7.738895e+00   3.989493e-03   5.714707e-02   17862
  1.802314e+00   7.962338e+00   3.866890e-03   5.840766e-02   18200
  1.816191e+00   8.032879e+00   4.099167e-03   5.947358e-02   18450
  1.829771e+00   8.111447e+00   3.838324e-03   5.975719e-02   18384
  1.843323e+00   8.082008e+00   3.923486e-03   5.896779e-02   18504
  1.856855e+00   8.360594e+00   3.885045e-03   5.988355e-02   19142
  1.870661e+00   8.245633e+00   3.895698e-03   5.800379e-02   19692
  1.884317e+00   8.237911e+00   3.914843e-03   6.029317e-02   19062
  1.897677e+00   8.429114e+00   3.958747e-03   5.892529e-02   20184
  1.911496e+00   8.382687e+00   3.897574e-03   5.975528e-02   19970
  1.924963e+00   8.646197e+00   3.909731e-03   5.983189e-02   20496
  1.938839e+00   8.609844e+00   4.023732e-03   5.816554e-02   21456
  1.952332e+00   8.618553e+00   3.635348e-03   6.158268e-02   19650
  1.965583e+00   8.809685e+00   4.039758e-03   5.974516e-02   22040
  1.979557e+00   8.878523e+00   3.828807e-03   5.954716e-02   21558
  1.993024e+00   8.805295e+00   3.951337e-03   6.011885e-02   21804
  2.006530e+00   8.847833e+00   3.912103e-03   5.986877e-02   21846
  2.020013e+00   9.036003e+00   3.927065e-03   6.032715e-02   22496
  2.033563e+00   9.084079e+00   3.987707e-03   6.024075e-02   22776
  2.047479e+00   9.142799e+00   3.994392e-03   5.886078e-02   23874
  2.061145e+00   9.175541e+00   4.027768e-03   6.067317e-02   23120
  2.074737e+00   9.386915e+00   3.956099e-03   6.058194e-02   23958
  2.088373e+00   9.471851e+00   3.906756e-03   6.216111e-02   23892
  2.101727e+00   9.410933e+00   3.924859e-03   6.145039e-02   23550
  2.115216e+00   9.456520e+00   3.968932e-03   5.920078e-02   25296
  2.128915e+00   9.571783e+00   3.924347e-03   6.039054e-02   24452
  2.142311e+00   9.535835e+00   3.835662e-03   6.005261e-02   25254
  2.156023e+00   9.742005e+00   3.969357e-03   6.050813e-02   26016
  2.169543e+00   9.629981e+00   3.782439e-03   6.058324e-02   25182
  2.183190e+00   9.648832e+00   3.967911e-03   5.887333e-02   27428
  2.197036e+00   9.842012e+00   3.811822e-03   6.115046e-02   25974
  2.210356e+00   9.779059e+00   3.861453e-03   5.879383e-02   26904
  2.223881e+00   9.777356e+00   3.824751e-03   6.061527e-02   26730
  2.237420e+00   9.903727e+00   3.914440e-03   5.968847e-02   27896
  2.251310e+00   1.005197e+01   4.054409e-03   5.896380e-02   28992
  2.265347e+00   9.883886e+00   3.954062e-03   5.821993e-02   28698
  2.278737e+00   1.014427e+01   3.843600e-03   6.140927e-02   27776
  2.292429e+00   9.922297e+00   3.995766e-03   5.716408e-02   29814
  2.306139e+00   1.013642e+01   3.915312e-03   5.956288e-02   29148
  2.319524e+00   1.007203e+01   3.875582e-03   5.927392e-02   28806
  2.333025e+00   1.022559e+01   3.958903e-03   5.826751e-02   30408
  2.346651e+00   1.014217e+01   3.963675e-03   5.801928e-02   30320
  2.360383e+00   1.016166e+01   3.835440e-03   5.798880e-02   30930
  2.374113e+00   1.031700e+01   4.052392e-03   5.798103e-02   31656
  2.387552e+00   1.026001e+01   3.767771e-03   5.946813e-02   30038
  2.401049e+00   1.030160e+01   3.994026e-03   5.662287e-02   32772
  2.414634e+00   1.038766e+01   3.846851e-03   5.895712e-02   30846
  2.428124e+00   1.034669e+01   4.001639e-03   5.657104e-02   33480
  2.441934e+00   1.041979e+01   4.002753e-03   5.771078e-02   32804
  2.455419e+00   1.041669e+01   3.837070e-03   5.817285e-02   32814
  2.469066e+00   1.044807e+01   3.979794e-03   5.691421e-02   34200
  2.482757e+00   1.053186e+01   3.961173e-03   5.800769e-02   33594
  2.496189e+00   1.067792e+01   3.958120e-03   5.686673e-02   34336
  2.509895e+00   1.048277e+01   4.021608e-03   5.561955e-02   34822
  2.523498e+00   1.048810e+01   3.984730e-03   5.510135e-02   35472
  2.537012e+00   1.064815e+01   3.829489e-03   5.774674e-02   34404
  2.550515e+00   1.070245e+01   3.989015e-03   5.571492e-02   36254
  2.564036e+00   1.064684e+01   3.909325e-03   5.597551e-02   35952
  2.577685e+00   1.074898e+01   3.865425e-03   5.593510e-02   36570
  2.591221e+00   1.073286e+01   3.945868e-03   5.526069e-02   37176
  2.604897e+00   1.077911e+01   3.868066e-03   5.541202e-02   37374
  2.618539e+00   1.073379e+01   3.900492e-03   5.467861e-02   38084
  2.632053e+00   1.074483e+01   3.851721e-03   5.555181e-02   37590
  2.645768e+00   1.090315e+01   3.924351e-03   5.465378e-02   39480
  2.659318e+00   1.079885e+01   3.881595e-03   5.511300e-02   38228
  2.672896e+00   1.100509e+01   3.832629e-03   5.477752e-02   39678
  2.686732e+00   1.095231e+01   4.013848e-03   5.451653e-02   40944
  2.700458e+00   1.088869e+01   3.906598e-03   5.447052e-02   39678
  2.713942e+00   1.107688e+01   3.899880e-03   5.530497e-02   40652
  2.727541e+00   1.094577e+01   3.970706e-03   5.459613e-02   40758
  2.741211e+00   1.106005e+01   3.946723e-03   5.407125e-02   42216
  2.754895e+00   1.094414e+01   3.941899e-03   5.404521e-02   41532
  2.768446e+00   1.101214e+01   3.908674e-03   5.313005e-02   42134
  2.781915e+00   1.091488e+01   3.852299e-03   5.276973e-02   42216
  2.795593e+00   1.108020e+01   3.995670e-03   5.292839e-02   43530
  2.809225e+00   1.120059e+01   3.940296e-03   5.436537e-02   43848
  2.822801e+00   1.105485e+01   3.861058e-03   5.325266e-02   42854
  2.836455e+00   1.112074e+01   4.071603e-03   5.199532e-02   46176
  2.850131e+00   1.111819e+01   3.770192e-03   5.352876e-02   43380
  2.863598e+00   1.109034e+01   3.917386e-03   5.228686e-02   45294
  2.877132e+00   1.105345e+01   3.960175e-03   5.115478e-02   45744
  2.890932e+00   1.112178e+01   3.942487e-03   5.174669e-02   46682
  2.904469e+00   1.099674e+01   3.914379e-03   5.163388e-02   45840
  2.918029e+00   1.111747e+01   3.983754e-03   5.163565e-02   47118
  2.931574e+00   1.103159e+01   3.902550e-03   5.072119e-02   46916
  2.945138e+00   1.104278e+01   4.001451e-03   5.048557e-02   48192
  2.959047e+00   1.112363e+01   3.978965e-03   4.984554e-02   49566
  2.972418e+00   1.100892e+01   3.826645e-03   5.072972e-02   46284
  2.985778e+00   1.105331e+01   3.941096e-03   4.990088e-02   49486
  2.999427e+00   1.107015e+01   3.935566e-03   4.951151e-02   49840
  3.013055e+00   1.113951e+01   3.926843e-03   4.998713e-02   49806
  3.026747e+00   1.119431e+01   3.938750e-03   4.990053e-02   51492
  3.040282e+00   1.108184e+01   3.850917e-03   5.011107e-02   49488
  3.053928e+00   1.121924e+01   3.960828e-03   4.883650e-02   53198
  3.067660e+00   1.102302e+01   3.817999e-03   4.900304e-02   51060
  3.081158e+00   1.116601e+01   3.894577e-03   4.877113e-02   52134
  3.094688e+00   1.116102e+01   3.888791e-03   4.881056e-02   52864
  3.108319e+00   1.112449e+01   3.904203e-03   4.826120e-02   52930
  3.121955e+00   1.121544e+01   3.954567e-03   4.821957e-02   54936
  3.135758e+00   1.114073e+01   3.897590e-03   4.825703e-02   53886
  3.149230e+00   1.104524e+01   3.937544e-03   4.713697e-02   54268
  3.162743e+00   1.111767e+01   3.939575e-03   4.734198e-02   55264
  3.176547e+00   1.120324e+01   3.942980e-03   4.703657e-02   56358
  3.190083e+00   1.102049e+01   3.916767e-03   4.685628e-02   55632
  3.203717e+00   1.104730e+01   3.912176e-03   4.647881e-02   56514
  3.217266e+00   1.113343e+01   3.982076e-03   4.684050e-02   57248
  3.230810e+00   1.093269e+01   3.904678e-03   4.576975e-02   56766
  3.244673e+00   1.099891e+01   4.094868e-03   4.445995e-02   60804
  3.258170e+00   1.097677e+01   3.776079e-03   4.623104e-02   55416
  3.271753e+00   1.111082e+01   3.996388e-03   4.518914e-02   61286
  3.285338e+00   1.109184e+01   3.833338e-03   4.640797e-02   57396
  3.298806e+00   1.104418e+01   3.991398e-03   4.485835e-02   60870
  3.312472e+00   1.110299e+01   3.883682e-03   4.521323e-02   60248
  3.326075e+00   1.106933e+01   3.982993e-03   4.503867e-02   60978
  3.339697e+00   1.110444e+01   3.918479e-03   4.464682e-02   62016
  3.353256e+00   1.096975e+01   3.912234e-03   4.467267e-02   60768
  3.366742e+00   1.103593e+01   3.948483e-03   4.442954e-02   62806
  3.380458e+00   1.103871e+01   3.971518e-03   4.377565e-02   63868
  3.394173e+00   1.101379e+01   3.950242e-03   4.417398e-02   63054
  3.407522e+00   1.102145e+01   3.889075e-03   4.403381e-02   63024
  3.421149e+00   1.108716e+01   4.000464e-03   4.374457e-02   64882
  3.434670e+00   1.099222e+01   3.899766e-03   4.346080e-02   64744
  3.448305e+00   1.098831e+01   3.892570e-03   4.257743e-02   65688
  3.461951e+00   1.111169e+01   3.915056e-03   4.355687e-02   65994
  3.475449e+00   1.102411e+01   3.920197e-03   4.299871e-02   66648
  3.489190e+00   1.094186e+01   3.861504e-03   4.227413e-02   67310
  3.502679e+00   1.108017e+01   3.876178e-03   4.274230e-02   67224
  3.516300e+00   1.107901e+01   3.864568e-03   4.328686e-02   68034
  3.529960e+00   1.096720e+01   3.966927e-03   4.163097e-02   69744
  3.543594e+00   1.092241e+01   3.885699e-03   4.250532e-02   68654
  3.557414e+00   1.101553e+01   3.971071e-03   4.100609e-02   72132
  3.571044e+00   1.097351e+01   3.879008e-03   4.213499e-02   68520
  3.584509e+00   1.103546e+01   3.898516e-03   4.162303e-02   71070
  3.598179e+00   1.093489e+01   3.958888e-03   4.149003e-02   71948
  3.611821e+00   1.091359e+01   3.929676e-03   4.103174e-02   71598
  3.625467e+00   1.106042e+01   3.942460e-03   4.079768e-02   73536
  3.639107e+00   1.093474e+01   3.937889e-03   4.140571e-02   71802
  3.652514e+00   1.111566e+01   3.891299e-03   4.183643e-02   73280
  3.666109e+00   1.108012e+01   3.935353e-03   4.157660e-02   73992
  3.679845e+00   1.092146e+01   4.017255e-03   4.013472e-02   75966
  3.693428e+00   1.098579e+01   3.879294e-03   4.084062e-02   74364
  3.707067e+00   1.105852e+01   3.965648e-03   4.058422e-02   76094
  3.720600e+00   1.105835e+01   3.905935e-03   4.103457e-02   76224
  3.734235e+00   1.099060e+01   3.912190e-03   4.032408e-02   76242
  3.747669e+00   1.117403e+01   3.927725e-03   4.096050e-02   76960
  3.761291e+00   1.101476e+01   3.936642e-03   3.976494e-02   78664
  3.775137e+00   1.108990e+01   3.964378e-03   3.990961e-02   79962
  3.788660e+00   1.099548e+01   3.891324e-03   4.048325e-02   77760
  3.802214e+00   1.106739e+01   3.906151e-03   4.009019e-02   79590
  3.815784e+00   1.106576e+01   3.980873e-03   3.980033e-02   80732
  3.829489e+00   1.104365e+01   3.955057e-03   3.963415e-02   81174
  3.843061e+00   1.121466e+01   3.897815e-03   4.027926e-02   80832
  3.856429e+00   1.111510e+01   3.890120e-03   4.023237e-02   80040
  3.870041e+00   1.123807e+01   3.937062e-03   4.022896e-02   84266
  3.883800e+00   1.113024e+01   3.965191e-03   3.954297e-02   83592
  3.897465e+00   1.136996e+01   3.910254e-03   4.071199e-02   83838
  3.910997e+00   1.127149e+01   3.872159e-03   4.038769e-02   83676
  3.924583e+00   1.125974e+01   3.944483e-03   3.958089e-02   84950
  3.938101e+00   1.129885e+01   3.827494e-03   4.069649e-02   84912
  3.951789e+00   1.130140e+01   3.995013e-03   3.966102e-02   87162
  3.965420e+00   1.147504e+01   3.878666e-03   4.100567e-02   86440
  3.978946e+00   1.140593e+01   3.856469e-03   4.084439e-02   86560
  3.992604e+00   1.148325e+01   3.947133e-03   4.036526e-02   88698
  4.006224e+00   1.155103e+01   3.908165e-03   4.116484e-02   88920
  4.019914e+00   1.149426e+01   3.907564e-03   4.096930e-02   88323
  4.033463e+00   1.149215e+01   3.941385e-03   4.075384e-02   89360
  4.047191e+00   1.136849e+01   3.920678e-03   4.012619e-02   89040
  4.060772e+00   1.138654e+01   3.965659e-03   4.051859e-02   87684
  4.074289e+00   1.141523e+01   3.941664e-03   4.067948e-02   87900
  4.087951e+00   1.136683e+01   3.932995e-03   4.043602e-02   87884
  4.101525e+00   1.122033e+01   3.936703e-03   4.022943e-02   86844
  4.115106e+00   1.125432e+01   3.939490e-03   3.978244e-02   87216
  4.128692e+00   1.122350e+01   3.930534e-03   3.967405e-02   85952
  4.142291e+00   1.115430e+01   3.981611e-03   3.980323e-02   87264
  4.156016e+00   1.110138e+01   3.930927e-03   3.961879e-02   86316
  4.169516e+00   1.103164e+01   3.887819e-03   4.018511e-02   83976
  4.183033e+00   1.100619e+01   3.957351e-03   3.950220e-02   85928
  4.196752e+00   1.092684e+01   3.971860e-03   3.925524e-02   85608
  4.210347e+00   1.094101e+01   3.902488e-03   3.953215e-02   83964
  4.223963e+00   1.096471e+01   3.940777e-03   3.943310e-02   84708
  4.237476e+00   1.083965e+01   3.905502e-03   3.925976e-02   82260
  4.250988e+00   1.090129e+01   3.945996e-03   3.929861e-02   84296
  4.264733e+00   1.085621e+01   3.941065e-03   3.944517e-02   83460
  4.278231e+00   1.083280e+01   3.898421e-03   3.964050e-02   81444
  4.291717e+00   1.080669e+01   3.905830e-03   3.915505e-02   82144
  4.305327e+00   1.076253e+01   3.952156e-03   3.955528e-02   82180
  4.318919e+00   1.064458e+01   3.889070e-03   3.896933e-02   81420
  4.332623e+00   1.070463e+01   3.967259e-03   3.926721e-02   82104
  4.346159e+00   1.061146e+01   3.882328e-03   3.880006e-02   79620
  4.359759e+00   1.054882e+01   3.897281e-03   3.844587e-02   81236
  4.373418e+00   1.058937e+01   3.880312e-03   3.896734e-02   79608
  4.387029e+00   1.040839e+01   3.933006e-03   3.843599e-02   80268
  4.400643e+00   1.044693e+01   3.850171e-03   3.876675e-02   78412
  4.414192e+00   1.036340e+01   3.922071e-03   3.847189e-02   78952
  4.427933e+00   1.036158e+01   3.938715e-03   3.830491e-02   79656
  4.441606e+00   1.042237e+01   3.881671e-03   3.903756e-02   77184
  4.455081e+00   1.031869e+01   3.897139e-03   3.835787e-02   76944
  4.468742e+00   1.034879e+01   3.934255e-03   3.835994e-02   77984
  4.482318e+00   1.036584e+01   3.887487e-03   3.939139e-02   75336
  4.495891e+00   1.033118e+01   3.967951e-03   3.848966e-02   77280
  4.509585e+00   1.022112e+01   3.911883e-03   3.812136e-02   75120
  4.523186e+00   1.017197e+01   4.006918e-03   3.784409e-02   76364
  4.536881e+00   1.017724e+01   3.870669e-03   3.867620e-02   74244
  4.550448e+00   1.011690e+01   4.007133e-03   3.844972e-02   74400
  4.563952e+00   1.013211e+01   3.919594e-03   3.858343e-02   73388
  4.577709e+00   1.001780e+01   3.981865e-03   3.782532e-02   74964
  4.591267e+00   9.905496e+00   3.838052e-03   3.833266e-02   71100
  4.604865e+00   9.924693e+00   3.984832e-03   3.767331e-02   74100
  4.618437e+00   1.000569e+01   3.839966e-03   3.902652e-02   70068
  4.631915e+00   9.888067e+00   3.927566e-03   3.809235e-02   72296
  4.645712e+00   9.894973e+00   3.920569e-03   3.799567e-02   71724
  4.659287e+00   9.913078e+00   3.930407e-03   3.872294e-02   69852
  4.672792e+00   9.930586e+00   3.886828e-03   3.827715e-02   69732
  4.686387e+00   9.883061e+00   3.918196e-03   3.857519e-02   69512
  4.699982e+00   9.801411e+00   3.922067e-03   3.820671e-02   69252
  4.713606e+00   9.830889e+00   3.871092e-03   3.881055e-02   68064
  4.727139e+00   9.770654e+00   3.988880e-03   3.868273e-02   67944
  4.740774e+00   9.767461e+00   3.945867e-03   3.824161e-02   68204
  4.754479e+00   9.742309e+00   3.902220e-03   3.864664e-02   66684
  4.767989e+00   9.798812e+00   3.962347e-03   3.925497e-02   66264
  4.781640e+00   9.722496e+00   3.928075e-03   3.869307e-02   66368
  4.795269e+00   9.718342e+00   3.954395e-03   3.933877e-02   65100
  4.808774e+00   9.661271e+00   3.896555e-03   3.907321e-02   64644
  4.822442e+00   9.649361e+00   3.926189e-03   3.882994e-02   64440
  4.835874e+00   9.590966e+00   3.906547e-03   3.975859e-02   62668
  4.849538e+00   9.645851e+00   3.941186e-03   3.856066e-02   64696
  4.863356e+00   9.580912e+00   3.937367e-03   3.933475e-02   62820
  4.876903e+00   9.504374e+00   3.924058e-03   3.936828e-02   61920
  4.890519e+00   9.562601e+00   3.892807e-03   3.968116e-02   61532
  4.903985e+00   9.557552e+00   3.879794e-03   4.013551e-02   59952
  4.917706e+00   9.695396e+00   4.001762e-03   3.989788e-02   62460
  4.931448e+00   9.480110e+00   3.882676e-03   4.019911e-02   58644
  4.944703e+00   9.475359e+00   3.891283e-03   4.044234e-02   58188
  4.958407e+00   9.454850e+00   3.945950e-03   3.989571e-02   60044
  4.972127e+00   9.466231e+00   3.952119e-03   4.033651e-02   57780
  4.985746e+00   9.537776e+00   3.974538e-03   4.075166e-02   58380
  4.999353e+00   9.503905e+00   3.828451e-03   4.138502e-02   55508
  5.012797e+00   9.559943e+00   3.995934e-03   4.113361e-02   56964
  5.026563e+00   9.476862e+00   3.869203e-03   4.076776e-02   56148
  5.040180e+00   9.460938e+00   3.936315e-03   4.141422e-02   54468
  5.053627e+00   9.403350e+00   3.966640e-03   4.117269e-02   54540
  5.067356e+00   9.312358e+00   3.927116e-03   4.099040e-02   54512
  5.080932e+00   9.397772e+00   3.890016e-03   4.220900e-02   52488
  5.094532e+00   9.452261e+00   3.948577e-03   4.184298e-02   53400
  5.108248e+00   9.366983e+00   3.977201e-03   4.203170e-02   51972
  5.121705e+00   9.339065e+00   3.889875e-03   4.296560e-02   50924
  5.135379e+00   9.432522e+00   3.876250e-03   4.298299e-02   51120
  5.148878e+00   9.450903e+00   3.938458e-03   4.373594e-02   49116
  5.162337e+00   9.329147e+00   3.939938e-03   4.234821e-02   49920
  5.176058e+00   9.398021e+00   3.882717e-03   4.388541e-02   48692
  5.189489e+00   9.340836e+00   3.893182e-03   4.404582e-02   47532
  5.203137e+00   9.379121e+00   3.925008e-03   4.416058e-02   48312
  5.216836e+00   9.488775e+00   3.962643e-03   4.592738e-02   46704
  5.230366e+00   9.504278e+00   3.892765e-03   4.540070e-02   46328
  5.244111e+00   9.415182e+00   3.900492e-03   4.541797e-02   45804
  5.257589e+00   9.462426e+00   3.934448e-03   4.656833e-02   44220
  5.271112e+00   9.607011e+00   3.881510e-03   4.761222e-02   44304
  5.284818e+00   9.407590e+00   3.985672e-03   4.619873e-02   43820
  5.298445e+00   9.518760e+00   3.950509e-03   4.666201e-02   43236
  5.312248e+00   9.466565e+00   3.928669e-03   4.738265e-02   42420
  5.325688e+00   9.536014e+00   3.958233e-03   4.938780e-02   40544
  5.339290e+00   9.584986e+00   3.935768e-03   4.859934e-02   41928
  5.353228e+00   9.464744e+00   3.931004e-03   4.981897e-02   40200
  5.366626e+00   9.508632e+00   3.930153e-03   5.081030e-02   38640
  5.380163e+00   9.566295e+00   3.875494e-03   5.073722e-02   38712
  5.393787e+00   9.417503e+00   4.017068e-03   5.052488e-02   38036
  5.407342e+00   9.675485e+00   3.854863e-03   5.214972e-02   37212
  5.421204e+00   9.676264e+00   3.998215e-03   5.260440e-02   37212
  5.434437e+00   9.585992e+00   3.855735e-03   5.405587e-02   33936
  5.447987e+00   9.596363e+00   3.905680e-03   5.241899e-02   36404
  5.461917e+00   9.481560e+00   3.920949e-03   5.436746e-02   34080
  5.475391e+00   9.639224e+00   4.034490e-03   5.511471e-02   33996
  5.489087e+00   9.723824e+00   3.805809e-03   5.644618e-02   32472
  5.502507e+00   9.446265e+00   3.947481e-03   5.571151e-02   31628
  5.516181e+00   9.697159e+00   3.996502e-03   5.760257e-02   32472
  5.530078e+00   9.671010e+00   3.904987e-03   5.878250e-02   30348
  5.543315e+00   9.742638e+00   3.907680e-03   6.033845e-02   28988
  5.556948e+00   9.648616e+00   3.919595e-03   5.951448e-02   29880
  5.570778e+00   9.679144e+00   3.955435e-03   6.070378e-02   28356
  5.584275e+00   9.649041e+00   3.902665e-03   6.150594e-02   27396
  5.597858e+00   9.585728e+00   3.876545e-03   6.192684e-02   26544
  5.611370e+00   9.490581e+00   3.970535e-03   6.183011e-02   26204
  5.625030e+00   9.586242e+00   3.807950e-03   6.390669e-02   25140
  5.638649e+00   9.521895e+00   3.963252e-03   6.472427e-02   24372
  5.652089e+00   9.387602e+00   3.969808e-03   6.424754e-02   23520
  5.665729e+00   9.322552e+00   3.895837e-03   6.528362e-02   23072
  5.679307e+00   9.224981e+00   3.798072e-03   6.751481e-02   21672
  5.692886e+00   9.222884e+00   4.020644e-03   6.658722e-02   21651
  5.706508e+00   9.124239e+00   3.952612e-03   6.621716e-02   20538
  5.720047e+00   9.128080e+00   3.818309e-03   6.789038e-02   19856
  5.733890e+00   9.215748e+00   3.981211e-03   6.853302e-02   19926
  5.747594e+00   9.230384e+00   3.944098e-03   7.088863e-02   18498
  5.760935e+00   9.110407e+00   3.914769e-03   7.126273e-02   17854
  5.774519e+00   8.959752e+00   3.923196e-03   7.055664e-02   17770
  5.788396e+00   8.836513e+00   4.034994e-03   6.724404e-02   17628
  5.802026e+00   8.902177e+00   3.889486e-03   7.414182e-02   16104
  5.815233e+00   9.037209e+00   3.882016e-03   7.631778e-02   15660
  5.829022e+00   8.917635e+00   4.074494e-03   7.396679e-02   16400
  5.842875e+00   8.868418e+00   3.802365e-03   7.450686e-02   14868
  5.856390e+00   8.722234e+00   3.969648e-03   7.322881e-02   14616
  5.869791e+00   8.925712e+00   3.943700e-03   7.816391e-02   13932
  5.883556e+00   8.792382e+00   4.062357e-03   7.531887e-02   14486
  5.897349e+00   8.830786e+00   3.662010e-03   8.032495e-02   12864
  5.910717e+00   8.810452e+00   3.994542e-03   7.883023e-02   12900
  5.924175e+00   8.905475e+00   4.028686e-03   8.221135e-02   12562
  5.937964e+00   8.716010e+00   3.894212e-03   7.982004e-02   12460
  5.951790e+00   8.632142e+00   3.764053e-03   8.301176e-02   11646
  5.965277e+00   8.891124e+00   4.028947e-03   8.497165e-02   11352
  5.978564e+00   8.984656e+00   3.931744e-03   8.906866e-02   10758
  5.992150e+00   8.593026e+00   3.833208e-03   8.488282e-02   10898
  6.006104e+00   8.689085e+00   3.829055e-03   8.741152e-02   10500
  6.019849e+00   8.494107e+00   4.032945e-03   8.278145e-02   10050
  6.033042e+00   8.707782e+00   3.834876e-03   9.350535e-02   9174
  6.046398e+00   8.621058e+00   3.815691e-03   9.253948e-02   9476
  6.060298e+00   8.763075e+00   3.832931e-03   9.343577e-02   9186
  6.074000e+00   8.929496e+00   3.978452e-03   9.645894e-02   8694
  6.087138e+00   8.924974e+00   3.802106e-03   1.032681e-01   8010
  6.100712e+00   8.850645e+00   3.918842e-03   9.771312e-02   8486
  6.114616e+00   8.780505e+00   3.743319e-03   1.005000e-01   7740
  6.128192e+00   8.653774e+00   4.122262e-03   1.025033e-01   7650
  6.141369e+00   9.216384e+00   3.837708e-03   1.145441e-01   6918
  6.155106e+00   8.824360e+00   3.973808e-03   1.035065e-01   7490
  6.169365e+00   8.930557e+00   3.841312e-03   1.060237e-01   6846
  6.182899e+00   9.047496e+00   4.097584e-03   1.144597e-01   6366
  6.195855e+00   8.970611e+00   3.985056e-03   1.171205e-01   5978
  6.209624e+00   9.274656e+00   3.973443e-03   1.173247e-01   6438
  6.223953e+00   9.267581e+00   3.713119e-03   1.195490e-01   5856
  6.237588e+00   9.090632e+00   4.056220e-03   1.236296e-01   5478
  6.250458e+00   9.338246e+00   3.970577e-03   1.339693e-01   4974
  6.263859e+00   9.157494e+00   3.893546e-03   1.248140e-01   5330
  6.278158e+00   9.480481e+00   3.800745e-03   1.339282e-01   5070
  6.291981e+00   9.393585e+00   4.021693e-03   1.404562e-01   4650
  6.304934e+00   9.224026e+00   3.921060e-03   1.419233e-01   4206
  6.318419e+00   9.264381e+00   3.913071e-03   1.333881e-01   4502
  6.332575e+00   9.514069e+00   3.748429e-03   1.501207e-01   4122
  6.346081e+00   9.539823e+00   4.082538e-03   1.528193e-01   3846
  6.358970e+00   9.384003e+00   3.827310e-03   1.579807e-01   3522
  6.372735e+00   9.705563e+00   3.830019e-03   1.602243e-01   3806
  6.387400e+00   9.454721e+00   3.938369e-03   1.645844e-01   3582
  6.400807e+00   1.011071e+01   3.966273e-03   1.926558e-01   2916
  6.412918e+00   9.391226e+00   3.719496e-03   1.791079e-01   2846
  6.426957e+00   9.901905e+00   3.704775e-03   1.711498e-01   3210
  6.442023e+00   9.965130e+00   3.823963e-03   1.816905e-01   2934
  6.455358e+00   9.396166e+00   4.132242e-03   2.010930e-01   2286
  6.466712e+00   1.020480e+01   3.564076e-03   2.198701e-01   2186
  6.480937e+00   1.018162e+01   3.548446e-03   1.977191e-01   2670
  6.496618e+00   1.029028e+01   3.626045e-03   2.001823e-01   2418
  6.510243e+00   1.063468e+01   4.163535e-03   2.477459e-01   1734
  6.520389e+00   1.036325e+01   3.380254e-03   2.483694e-01   1598
  6.534825e+00   1.071845e+01   3.392926e-03   2.151578e-01   2178
  6.551129e+00   1.028300e+01   3.264100e-03   2.325417e-01   1944
  6.565475e+00   1.009428e+01   3.951512e-03   2.715625e-01   1326
  6.574347e+00   1.013117e+01   3.483848e-03   3.112091e-01   1098
  6.588627e+00   1.026331e+01   3.114351e-03   2.702574e-01   1670
  6.605318e+00   1.109885e+01   2.966416e-03   2.746711e-01   1506
  6.620914e+00   1.171021e+01   3.705733e-03   3.389772e-01   1134
  6.628491e+00   1.163074e+01   2.990986e-03   4.522055e-01   558
  6.642518e+00   1.077600e+01   3.087466e-03   2.953462e-01   1292
  6.659724e+00   1.198886e+01   2.169084e-03   3.691440e-01   1086
  6.675965e+00   1.116223e+01   2.978593e-03   3.720199e-01   858
  6.681697e+00   1.211321e+01   1.913752e-03   7.439518e-01   246
  6.695739e+00   1.145763e+01   2.219005e-03   3.761926e-01   902
  6.713459e+00   1.185259e+01   1.840625e-03   4.078849e-01   780
  6.730751e+00   1.180609e+01   1.476129e-03   4.656134e-01   606
  6.734883e+00   1.608300e+01   1.019448e-03   1.835288e+00   78
  6.749143e+00   1.220504e+01   1.435913e-03   4.876723e-01   578
  6.766997e+00   1.375510e+01   1.215036e-03   5.866138e-01   486
  6.784822e+00   1.302494e+01   9.199482e-04   6.565958e-01   396
  6.788458e+00   1.269805e+01   1.245875e-07   1.421324e+00   6
  6.802781e+00   1.266324e+01   8.323259e-04   7.754664e-01   326
  6.820711e+00   1.349856e+01   6.700165e-04   9.128875e-01   258
  6.838666e+00   1.264122e+01   5.266681e-04   9.216822e-01   198
  6.856647e+00   1.169062e+01   4.018571e-04   7.786536e-01   146
  6.874651e+00   1.312181e+01   2.949634e-04   9.919313e-01   102
  6.892681e+00   9.136137e+00   2.049921e-04   1.356855e+00   66
  6.910733e+00   1.318763e+01   1.301902e-04   1.641131e+00   38
  6.928809e+00   2.305918e+01   6.714806e-05   3.454770e+00   18
  6.946899e+00   4.423481e+00   0.000000e+00   1.989126e+00   6
