# power spectrum of delta
# redshift z=-0.005754
# k              Pk             sigma(k)       sigma(Pk)      count
  3.141593e-02   1.721166e-02   0.000000e+00   6.547099e-03   6
  4.442883e-02   8.640404e-02   0.000000e+00   1.869975e-02   12
  5.802164e-02   1.115879e-01   4.165766e-03   2.006783e-02   14
  7.360057e-02   2.168504e-01   3.352421e-03   2.429772e-02   48
  9.270775e-02   2.633580e-01   2.435008e-03   2.995297e-02   42
  1.017704e-01   2.589535e-01   2.424479e-03   3.440739e-02   48
  1.153929e-01   3.857887e-01   2.906092e-03   3.887394e-02   80
  1.307755e-01   5.458301e-01   2.256064e-03   4.687573e-02   90
  1.425441e-01   5.215492e-01   3.543669e-03   5.115262e-02   120
  1.582527e-01   6.527740e-01   2.464158e-03   5.149861e-02   126
  1.688432e-01   8.010647e-01   3.154548e-03   7.101423e-02   152
  1.836782e-01   8.917608e-01   3.159459e-03   6.136216e-02   186
  1.984188e-01   1.041316e+00   4.320525e-03   5.985004e-02   264
  2.103968e-01   1.248009e+00   2.329274e-03   8.468805e-02   168
  2.256796e-01   1.373331e+00   4.166516e-03   7.470319e-02   386
  2.384685e-01   1.185571e+00   2.522415e-03   8.713595e-02   192
  2.510516e-01   1.772747e+00   4.136055e-03   9.018300e-02   390
  2.651879e-01   1.680208e+00   4.330201e-03   8.510051e-02   396
  2.784685e-01   1.906098e+00   4.297623e-03   9.505639e-02   398
  2.930683e-01   2.046303e+00   4.203503e-03   8.366237e-02   576
  3.074355e-01   1.913657e+00   4.268936e-03   8.977033e-02   444
  3.196306e-01   2.777814e+00   3.633305e-03   1.072986e-01   558
  3.339439e-01   2.687059e+00   4.431845e-03   9.857504e-02   680
  3.482695e-01   2.924108e+00   3.737612e-03   1.214089e-01   654
  3.606702e-01   2.945592e+00   3.098283e-03   1.153683e-01   636
  3.744701e-01   3.424267e+00   4.625996e-03   1.130854e-01   822
  3.874721e-01   3.717248e+00   3.413739e-03   1.267513e-01   800
  4.008383e-01   3.896150e+00   3.425402e-03   1.353420e-01   804
  4.144585e-01   4.576480e+00   4.248130e-03   1.525195e-01   1038
  4.276450e-01   4.433772e+00   3.327722e-03   1.430434e-01   936
  4.419378e-01   4.529777e+00   3.846286e-03   1.277506e-01   1130
  4.548921e-01   5.104555e+00   3.615260e-03   1.534976e-01   1104
  4.691124e-01   5.015471e+00   4.008065e-03   1.461724e-01   1230
  4.821164e-01   5.752550e+00   4.056757e-03   1.517164e-01   1260
  4.953275e-01   6.066706e+00   3.524350e-03   1.772244e-01   1286
  5.102690e-01   6.081965e+00   4.314822e-03   1.447771e-01   1728
  5.244277e-01   6.766663e+00   3.776779e-03   1.761351e-01   1392
  5.378841e-01   6.841003e+00   3.611560e-03   1.692334e-01   1626
  5.516772e-01   7.257644e+00   4.176112e-03   1.688892e-01   1760
  5.655257e-01   7.455537e+00   3.476948e-03   1.755945e-01   1686
  5.785810e-01   7.759290e+00   3.624350e-03   1.820302e-01   1812
  5.917556e-01   8.314329e+00   3.946744e-03   1.968517e-01   1814
  6.054204e-01   8.794899e+00   3.824700e-03   1.764175e-01   2208
  6.193001e-01   9.016460e+00   3.672349e-03   2.128201e-01   1956
  6.331106e-01   9.485474e+00   4.113541e-03   1.939414e-01   2454
  6.464857e-01   9.998851e+00   3.232255e-03   2.165406e-01   2016
  6.600246e-01   9.948242e+00   4.250694e-03   1.949040e-01   2570
  6.734642e-01   1.069485e+01   3.674585e-03   2.179321e-01   2400
  6.869599e-01   1.089538e+01   4.165537e-03   2.231991e-01   2526
  7.003842e-01   1.086914e+01   4.183440e-03   2.007596e-01   2840
  7.144275e-01   1.164309e+01   3.954639e-03   2.124670e-01   2820
  7.283394e-01   1.261133e+01   4.001183e-03   2.277626e-01   2958
  7.415388e-01   1.384383e+01   4.046069e-03   2.497445e-01   2976
  7.554540e-01   1.391140e+01   4.042208e-03   2.445471e-01   3186
  7.684962e-01   1.383454e+01   3.846112e-03   2.477915e-01   3128
  7.826392e-01   1.478874e+01   4.125155e-03   2.527364e-01   3606
  7.961215e-01   1.531809e+01   3.786344e-03   2.534233e-01   3276
  8.090174e-01   1.515465e+01   3.971636e-03   2.497565e-01   3480
  8.225598e-01   1.622212e+01   3.784476e-03   2.661655e-01   3758
  8.357786e-01   1.662235e+01   3.799764e-03   2.752994e-01   3744
  8.498520e-01   1.723115e+01   3.854902e-03   2.760263e-01   4170
  8.633049e-01   1.815258e+01   3.798313e-03   2.891186e-01   3984
  8.770071e-01   1.833055e+01   3.926232e-03   2.749412e-01   4334
  8.905275e-01   1.977186e+01   3.529674e-03   2.899509e-01   4284
  9.038804e-01   2.017518e+01   3.916433e-03   2.981431e-01   4374
  9.178385e-01   2.068165e+01   4.059177e-03   2.867887e-01   5016
  9.315884e-01   2.042359e+01   3.852497e-03   3.073565e-01   4580
  9.452952e-01   2.199996e+01   3.966708e-03   3.026973e-01   5142
  9.592763e-01   2.267341e+01   3.910943e-03   3.107729e-01   5184
  9.729633e-01   2.330796e+01   3.939164e-03   3.359107e-01   5058
  9.861190e-01   2.287852e+01   3.769886e-03   3.071394e-01   5384
  1.000186e+00   2.367365e+01   4.035866e-03   3.086563e-01   5622
  1.013753e+00   2.376265e+01   3.904870e-03   3.133538e-01   5736
  1.027283e+00   2.512489e+01   3.647351e-03   3.302527e-01   5612
  1.040858e+00   2.575675e+01   3.845168e-03   3.350864e-01   6054
  1.054301e+00   2.582385e+01   3.830035e-03   3.396263e-01   6096
  1.068351e+00   2.595956e+01   4.010733e-03   3.122622e-01   6474
  1.081347e+00   2.807029e+01   3.667309e-03   3.560033e-01   6024
  1.095246e+00   2.772544e+01   4.065639e-03   3.234986e-01   7070
  1.109016e+00   2.911488e+01   3.717857e-03   3.495818e-01   6516
  1.122225e+00   2.945108e+01   4.039916e-03   3.449579e-01   6936
  1.135977e+00   2.979488e+01   3.839772e-03   3.547345e-01   7070
  1.149314e+00   3.063922e+01   4.091678e-03   3.545591e-01   7284
  1.163464e+00   3.149366e+01   4.073978e-03   3.438210e-01   7878
  1.177130e+00   3.205337e+01   3.909712e-03   3.580794e-01   7344
  1.190321e+00   3.214000e+01   4.084811e-03   3.616732e-01   7646
  1.204111e+00   3.359079e+01   4.038054e-03   3.671750e-01   8460
  1.217997e+00   3.422145e+01   3.926378e-03   3.896271e-01   7920
  1.231156e+00   3.448826e+01   3.721931e-03   3.840121e-01   8118
  1.244553e+00   3.551843e+01   4.024635e-03   3.769630e-01   8548
  1.258178e+00   3.556448e+01   3.921185e-03   3.801585e-01   8710
  1.271691e+00   3.684563e+01   3.764707e-03   3.866572e-01   8928
  1.285561e+00   3.772290e+01   4.047597e-03   3.969247e-01   9186
  1.298846e+00   3.799202e+01   3.750366e-03   4.066799e-01   9168
  1.312565e+00   3.890738e+01   3.864081e-03   3.981427e-01   9470
  1.325964e+00   3.940721e+01   3.802716e-03   3.997498e-01   9564
  1.339705e+00   3.976423e+01   3.996268e-03   3.943073e-01   10296
  1.353676e+00   4.058828e+01   3.842834e-03   4.039106e-01   9974
  1.366862e+00   4.145209e+01   3.854101e-03   4.161710e-01   10176
  1.380980e+00   4.193405e+01   4.068810e-03   3.947770e-01   11082
  1.394750e+00   4.193490e+01   3.959255e-03   4.098173e-01   10632
  1.408193e+00   4.337846e+01   3.889692e-03   4.178740e-01   10718
  1.421788e+00   4.248615e+01   3.905400e-03   4.047849e-01   11292
  1.435384e+00   4.340557e+01   3.993093e-03   4.132834e-01   11352
  1.449104e+00   4.485519e+01   3.785706e-03   4.037077e-01   11550
  1.462441e+00   4.538585e+01   3.952267e-03   4.223988e-01   11564
  1.476107e+00   4.636528e+01   3.952073e-03   4.309530e-01   12246
  1.489723e+00   4.723934e+01   3.772425e-03   4.289724e-01   12096
  1.503400e+00   4.660814e+01   4.087643e-03   4.134428e-01   12582
  1.516919e+00   4.727561e+01   3.787547e-03   4.177236e-01   12612
  1.530766e+00   4.713520e+01   4.098583e-03   4.069759e-01   13328
  1.544314e+00   4.952345e+01   3.674401e-03   4.312425e-01   12654
  1.557593e+00   4.869609e+01   3.885118e-03   4.275032e-01   13236
  1.571003e+00   5.017381e+01   3.956485e-03   4.294781e-01   13270
  1.584639e+00   5.098452e+01   4.050033e-03   4.229358e-01   14512
  1.598830e+00   5.125878e+01   4.069077e-03   4.311693e-01   14226
  1.612168e+00   5.165593e+01   3.908672e-03   4.433649e-01   14088
  1.625624e+00   5.216231e+01   3.879336e-03   4.422348e-01   14208
  1.639178e+00   5.247736e+01   4.071732e-03   4.349735e-01   15074
  1.652966e+00   5.395396e+01   4.075022e-03   4.368094e-01   15480
  1.666752e+00   5.308474e+01   3.843772e-03   4.421191e-01   14862
  1.679789e+00   5.427142e+01   3.927431e-03   4.454211e-01   15232
  1.693506e+00   5.461559e+01   3.931524e-03   4.351823e-01   16018
  1.706973e+00   5.615228e+01   3.816759e-03   4.484197e-01   15720
  1.720412e+00   5.572152e+01   3.911029e-03   4.392345e-01   16296
  1.734261e+00   5.624247e+01   3.879045e-03   4.324069e-01   17010
  1.747710e+00   5.676527e+01   3.776189e-03   4.436596e-01   16328
  1.761238e+00   5.707764e+01   3.711062e-03   4.312729e-01   17094
  1.774811e+00   5.752021e+01   3.924532e-03   4.297911e-01   17436
  1.788534e+00   5.786043e+01   3.989493e-03   4.391363e-01   17862
  1.802314e+00   5.867579e+01   3.866890e-03   4.382149e-01   18200
  1.816191e+00   5.737540e+01   4.099167e-03   4.253050e-01   18450
  1.829771e+00   5.848488e+01   3.838324e-03   4.354336e-01   18384
  1.843323e+00   6.036237e+01   3.923486e-03   4.389518e-01   18504
  1.856855e+00   5.918667e+01   3.885045e-03   4.305056e-01   19142
  1.870661e+00   5.972367e+01   3.895698e-03   4.269294e-01   19692
  1.884317e+00   6.019697e+01   3.914843e-03   4.338641e-01   19062
  1.897677e+00   6.180044e+01   3.958747e-03   4.311310e-01   20184
  1.911496e+00   6.195594e+01   3.897574e-03   4.331581e-01   19970
  1.924963e+00   6.215012e+01   3.909731e-03   4.341832e-01   20496
  1.938839e+00   6.250217e+01   4.023732e-03   4.277386e-01   21456
  1.952332e+00   6.281633e+01   3.635348e-03   4.523784e-01   19650
  1.965583e+00   6.374260e+01   4.039758e-03   4.295020e-01   22040
  1.979557e+00   6.290704e+01   3.828807e-03   4.217179e-01   21558
  1.993024e+00   6.169735e+01   3.951337e-03   4.208848e-01   21804
  2.006530e+00   6.507726e+01   3.912103e-03   4.446561e-01   21846
  2.020013e+00   6.415256e+01   3.927065e-03   4.255262e-01   22496
  2.033563e+00   6.386278e+01   3.987707e-03   4.201028e-01   22776
  2.047479e+00   6.559751e+01   3.994392e-03   4.251121e-01   23874
  2.061145e+00   6.397779e+01   4.027768e-03   4.185787e-01   23120
  2.074737e+00   6.673261e+01   3.956099e-03   4.261066e-01   23958
  2.088373e+00   6.488791e+01   3.906756e-03   4.217798e-01   23892
  2.101727e+00   6.559432e+01   3.924859e-03   4.299277e-01   23550
  2.115216e+00   6.654551e+01   3.968932e-03   4.156679e-01   25296
  2.128915e+00   6.595457e+01   3.924347e-03   4.209624e-01   24452
  2.142311e+00   6.641340e+01   3.835662e-03   4.173308e-01   25254
  2.156023e+00   6.610053e+01   3.969357e-03   4.112409e-01   26016
  2.169543e+00   6.701131e+01   3.782439e-03   4.188722e-01   25182
  2.183190e+00   6.728623e+01   3.967911e-03   4.057569e-01   27428
  2.197036e+00   6.643158e+01   3.811822e-03   4.085952e-01   25974
  2.210356e+00   6.676043e+01   3.861453e-03   4.079196e-01   26904
  2.223881e+00   6.741481e+01   3.824751e-03   4.156440e-01   26730
  2.237420e+00   6.789513e+01   3.914440e-03   4.124854e-01   27896
  2.251310e+00   6.711123e+01   4.054409e-03   3.934629e-01   28992
  2.265347e+00   6.865866e+01   3.954062e-03   4.119406e-01   28698
  2.278737e+00   6.860845e+01   3.843600e-03   4.091925e-01   27776
  2.292429e+00   6.914358e+01   3.995766e-03   4.014171e-01   29814
  2.306139e+00   6.861383e+01   3.915312e-03   4.047761e-01   29148
  2.319524e+00   6.773082e+01   3.875582e-03   4.022668e-01   28806
  2.333025e+00   6.991449e+01   3.958903e-03   3.992012e-01   30408
  2.346651e+00   6.892251e+01   3.963675e-03   3.944319e-01   30320
  2.360383e+00   6.940663e+01   3.835440e-03   3.913971e-01   30930
  2.374113e+00   6.960002e+01   4.052392e-03   3.934017e-01   31656
  2.387552e+00   6.929477e+01   3.767771e-03   4.009433e-01   30038
  2.401049e+00   6.965482e+01   3.994026e-03   3.880364e-01   32772
  2.414634e+00   6.926646e+01   3.846851e-03   3.922333e-01   30846
  2.428124e+00   6.864109e+01   4.001639e-03   3.780929e-01   33480
  2.441934e+00   6.956564e+01   4.002753e-03   3.805946e-01   32804
  2.455419e+00   6.926470e+01   3.837070e-03   3.815779e-01   32814
  2.469066e+00   6.929635e+01   3.979794e-03   3.792702e-01   34200
  2.482757e+00   7.059458e+01   3.961173e-03   3.912558e-01   33594
  2.496189e+00   6.910613e+01   3.958120e-03   3.785684e-01   34336
  2.509895e+00   6.957274e+01   4.021608e-03   3.742969e-01   34822
  2.523498e+00   6.924727e+01   3.984730e-03   3.677283e-01   35472
  2.537012e+00   6.985627e+01   3.829489e-03   3.747171e-01   34404
  2.550515e+00   6.932984e+01   3.989015e-03   3.656376e-01   36254
  2.564036e+00   6.999051e+01   3.909325e-03   3.687981e-01   35952
  2.577685e+00   7.031657e+01   3.865425e-03   3.648911e-01   36570
  2.591221e+00   6.972025e+01   3.945868e-03   3.583491e-01   37176
  2.604897e+00   6.943670e+01   3.868066e-03   3.625399e-01   37374
  2.618539e+00   6.916478e+01   3.900492e-03   3.536518e-01   38084
  2.632053e+00   6.982691e+01   3.851721e-03   3.661902e-01   37590
  2.645768e+00   6.913440e+01   3.924351e-03   3.513663e-01   39480
  2.659318e+00   6.967668e+01   3.881595e-03   3.615776e-01   38228
  2.672896e+00   6.990069e+01   3.832629e-03   3.514529e-01   39678
  2.686732e+00   6.893568e+01   4.013848e-03   3.439075e-01   40944
  2.700458e+00   7.005585e+01   3.906598e-03   3.553306e-01   39678
  2.713942e+00   6.885981e+01   3.899880e-03   3.396103e-01   40652
  2.727541e+00   6.869469e+01   3.970706e-03   3.408236e-01   40758
  2.741211e+00   6.915369e+01   3.946723e-03   3.374152e-01   42216
  2.754895e+00   6.885152e+01   3.941899e-03   3.415653e-01   41532
  2.768446e+00   6.853873e+01   3.908674e-03   3.351709e-01   42134
  2.781915e+00   6.920930e+01   3.852299e-03   3.391826e-01   42216
  2.795593e+00   6.965826e+01   3.995670e-03   3.346806e-01   43530
  2.809225e+00   6.835323e+01   3.940296e-03   3.273133e-01   43848
  2.822801e+00   6.833606e+01   3.861058e-03   3.317337e-01   42854
  2.836455e+00   6.895131e+01   4.071603e-03   3.253784e-01   46176
  2.850131e+00   6.844223e+01   3.770192e-03   3.282538e-01   43380
  2.863598e+00   6.867575e+01   3.917386e-03   3.248626e-01   45294
  2.877132e+00   6.870667e+01   3.960175e-03   3.205558e-01   45744
  2.890932e+00   6.775180e+01   3.942487e-03   3.167210e-01   46682
  2.904469e+00   6.810141e+01   3.914379e-03   3.202202e-01   45840
  2.918029e+00   6.806856e+01   3.983754e-03   3.141719e-01   47118
  2.931574e+00   6.736587e+01   3.902550e-03   3.117250e-01   46916
  2.945138e+00   6.717297e+01   4.001451e-03   3.069285e-01   48192
  2.959047e+00   6.826943e+01   3.978965e-03   3.089088e-01   49566
  2.972418e+00   6.717696e+01   3.826645e-03   3.141787e-01   46284
  2.985778e+00   6.829375e+01   3.941096e-03   3.058480e-01   49486
  2.999427e+00   6.715273e+01   3.935566e-03   3.022699e-01   49840
  3.013055e+00   6.679932e+01   3.926843e-03   3.000177e-01   49806
  3.026747e+00   6.719164e+01   3.938750e-03   2.984083e-01   51492
  3.040282e+00   6.699288e+01   3.850917e-03   2.989705e-01   49488
  3.053928e+00   6.784049e+01   3.960828e-03   2.945858e-01   53198
  3.067660e+00   6.653663e+01   3.817999e-03   2.938910e-01   51060
  3.081158e+00   6.705646e+01   3.894577e-03   2.953602e-01   52134
  3.094688e+00   6.621962e+01   3.888791e-03   2.878005e-01   52864
  3.108319e+00   6.578232e+01   3.904203e-03   2.882504e-01   52930
  3.121955e+00   6.706613e+01   3.954567e-03   2.880794e-01   54936
  3.135758e+00   6.649179e+01   3.897590e-03   2.852112e-01   53886
  3.149230e+00   6.626654e+01   3.937544e-03   2.826021e-01   54268
  3.162743e+00   6.617881e+01   3.939575e-03   2.807795e-01   55264
  3.176547e+00   6.585152e+01   3.942980e-03   2.769120e-01   56358
  3.190083e+00   6.480440e+01   3.916767e-03   2.752664e-01   55632
  3.203717e+00   6.632015e+01   3.912176e-03   2.790012e-01   56514
  3.217266e+00   6.562826e+01   3.982076e-03   2.757011e-01   57248
  3.230810e+00   6.586201e+01   3.904678e-03   2.786283e-01   56766
  3.244673e+00   6.571217e+01   4.094868e-03   2.697127e-01   60804
  3.258170e+00   6.573819e+01   3.776079e-03   2.776168e-01   55416
  3.271753e+00   6.487079e+01   3.996388e-03   2.612634e-01   61286
  3.285338e+00   6.494379e+01   3.833338e-03   2.727874e-01   57396
  3.298806e+00   6.407711e+01   3.991398e-03   2.603120e-01   60870
  3.312472e+00   6.420773e+01   3.883682e-03   2.602303e-01   60248
  3.326075e+00   6.423381e+01   3.982993e-03   2.592884e-01   60978
  3.339697e+00   6.383420e+01   3.918479e-03   2.583153e-01   62016
  3.353256e+00   6.429677e+01   3.912234e-03   2.649307e-01   60768
  3.366742e+00   6.393339e+01   3.948483e-03   2.551968e-01   62806
  3.380458e+00   6.428710e+01   3.971518e-03   2.591246e-01   63868
  3.394173e+00   6.375913e+01   3.950242e-03   2.562771e-01   63054
  3.407522e+00   6.413933e+01   3.889075e-03   2.572211e-01   63024
  3.421149e+00   6.412934e+01   4.000464e-03   2.537466e-01   64882
  3.434670e+00   6.297441e+01   3.899766e-03   2.513167e-01   64744
  3.448305e+00   6.405138e+01   3.892570e-03   2.534659e-01   65688
  3.461951e+00   6.331532e+01   3.915056e-03   2.481509e-01   65994
  3.475449e+00   6.320994e+01   3.920197e-03   2.446983e-01   66648
  3.489190e+00   6.235451e+01   3.861504e-03   2.442529e-01   67310
  3.502679e+00   6.293066e+01   3.876178e-03   2.445260e-01   67224
  3.516300e+00   6.262723e+01   3.864568e-03   2.428582e-01   68034
  3.529960e+00   6.301159e+01   3.966927e-03   2.399362e-01   69744
  3.543594e+00   6.288096e+01   3.885699e-03   2.437425e-01   68654
  3.557414e+00   6.198862e+01   3.971071e-03   2.343875e-01   72132
  3.571044e+00   6.242923e+01   3.879008e-03   2.428595e-01   68520
  3.584509e+00   6.257765e+01   3.898516e-03   2.380207e-01   71070
  3.598179e+00   6.225291e+01   3.958888e-03   2.354779e-01   71948
  3.611821e+00   6.235781e+01   3.929676e-03   2.371029e-01   71598
  3.625467e+00   6.188580e+01   3.942460e-03   2.327468e-01   73536
  3.639107e+00   6.174903e+01   3.937889e-03   2.342458e-01   71802
  3.652514e+00   6.209170e+01   3.891299e-03   2.358019e-01   73280
  3.666109e+00   6.174588e+01   3.935353e-03   2.329667e-01   73992
  3.679845e+00   6.165048e+01   4.017255e-03   2.285872e-01   75966
  3.693428e+00   6.158918e+01   3.879294e-03   2.313997e-01   74364
  3.707067e+00   6.143135e+01   3.965648e-03   2.292564e-01   76094
  3.720600e+00   6.133174e+01   3.905935e-03   2.257980e-01   76224
  3.734235e+00   6.146807e+01   3.912190e-03   2.298541e-01   76242
  3.747669e+00   6.208652e+01   3.927725e-03   2.304885e-01   76960
  3.761291e+00   6.111847e+01   3.936642e-03   2.242532e-01   78664
  3.775137e+00   6.169903e+01   3.964378e-03   2.264530e-01   79962
  3.788660e+00   6.152657e+01   3.891324e-03   2.280257e-01   77760
  3.802214e+00   6.176643e+01   3.906151e-03   2.283874e-01   79590
  3.815784e+00   6.172302e+01   3.980873e-03   2.298564e-01   80732
  3.829489e+00   6.114529e+01   3.955057e-03   2.216194e-01   81174
  3.843061e+00   6.243746e+01   3.897815e-03   2.271456e-01   80832
  3.856429e+00   6.165013e+01   3.890120e-03   2.278719e-01   80040
  3.870041e+00   6.163542e+01   3.937062e-03   2.233257e-01   84266
  3.883800e+00   6.149627e+01   3.965191e-03   2.210539e-01   83592
  3.897465e+00   6.210904e+01   3.910254e-03   2.234110e-01   83838
  3.910997e+00   6.168016e+01   3.872159e-03   2.238204e-01   83676
  3.924583e+00   6.182277e+01   3.944483e-03   2.226661e-01   84950
  3.938101e+00   6.235706e+01   3.827494e-03   2.253306e-01   84912
  3.951789e+00   6.173922e+01   3.995013e-03   2.210501e-01   87162
  3.965420e+00   6.318184e+01   3.878666e-03   2.279737e-01   86440
  3.978946e+00   6.208471e+01   3.856469e-03   2.269184e-01   86560
  3.992604e+00   6.295826e+01   3.947133e-03   2.258734e-01   88698
  4.006224e+00   6.228593e+01   3.908165e-03   2.243220e-01   88920
  4.019914e+00   6.258472e+01   3.907564e-03   2.273745e-01   88323
  4.033463e+00   6.285722e+01   3.941385e-03   2.271055e-01   89360
  4.047191e+00   6.159210e+01   3.920678e-03   2.217971e-01   89040
  4.060772e+00   6.218342e+01   3.965659e-03   2.235511e-01   87684
  4.074289e+00   6.159634e+01   3.941664e-03   2.234565e-01   87900
  4.087951e+00   6.138932e+01   3.932995e-03   2.221609e-01   87884
  4.101525e+00   6.034545e+01   3.936703e-03   2.203459e-01   86844
  4.115106e+00   6.102300e+01   3.939490e-03   2.238659e-01   87216
  4.128692e+00   6.124094e+01   3.930534e-03   2.214858e-01   85952
  4.142291e+00   5.944756e+01   3.981611e-03   2.159470e-01   87264
  4.156016e+00   5.926594e+01   3.930927e-03   2.168363e-01   86316
  4.169516e+00   5.919787e+01   3.887819e-03   2.201689e-01   83976
  4.183033e+00   5.867230e+01   3.957351e-03   2.127659e-01   85928
  4.196752e+00   5.819827e+01   3.971860e-03   2.088943e-01   85608
  4.210347e+00   5.840840e+01   3.902488e-03   2.144421e-01   83964
  4.223963e+00   5.784741e+01   3.940777e-03   2.114315e-01   84708
  4.237476e+00   5.703167e+01   3.905502e-03   2.108217e-01   82260
  4.250988e+00   5.682464e+01   3.945996e-03   2.097107e-01   84296
  4.264733e+00   5.660968e+01   3.941065e-03   2.073079e-01   83460
  4.278231e+00   5.606560e+01   3.898421e-03   2.090780e-01   81444
  4.291717e+00   5.639832e+01   3.905830e-03   2.092707e-01   82144
  4.305327e+00   5.570950e+01   3.952156e-03   2.060034e-01   82180
  4.318919e+00   5.568826e+01   3.889070e-03   2.035294e-01   81420
  4.332623e+00   5.490621e+01   3.967259e-03   2.030146e-01   82104
  4.346159e+00   5.473691e+01   3.882328e-03   2.076454e-01   79620
  4.359759e+00   5.372020e+01   3.897281e-03   1.999319e-01   81236
  4.373418e+00   5.441425e+01   3.880312e-03   2.049439e-01   79608
  4.387029e+00   5.431376e+01   3.933006e-03   2.032388e-01   80268
  4.400643e+00   5.357777e+01   3.850171e-03   2.027093e-01   78412
  4.414192e+00   5.290467e+01   3.922071e-03   1.976294e-01   78952
  4.427933e+00   5.272138e+01   3.938715e-03   1.971997e-01   79656
  4.441606e+00   5.293131e+01   3.881671e-03   2.028953e-01   77184
  4.455081e+00   5.226137e+01   3.897139e-03   1.975986e-01   76944
  4.468742e+00   5.258112e+01   3.934255e-03   1.970986e-01   77984
  4.482318e+00   5.183648e+01   3.887487e-03   1.984890e-01   75336
  4.495891e+00   5.187124e+01   3.967951e-03   1.953882e-01   77280
  4.509585e+00   5.128965e+01   3.911883e-03   1.961351e-01   75120
  4.523186e+00   5.109748e+01   4.006918e-03   1.961297e-01   76364
  4.536881e+00   5.108917e+01   3.870669e-03   1.970568e-01   74244
  4.550448e+00   5.068470e+01   4.007133e-03   1.943045e-01   74400
  4.563952e+00   5.010913e+01   3.919594e-03   1.944867e-01   73388
  4.577709e+00   5.000440e+01   3.981865e-03   1.911315e-01   74964
  4.591267e+00   5.021586e+01   3.838052e-03   1.956342e-01   71100
  4.604865e+00   4.969169e+01   3.984832e-03   1.932627e-01   74100
  4.618437e+00   4.927930e+01   3.839966e-03   1.959302e-01   70068
  4.631915e+00   4.905674e+01   3.927566e-03   1.912727e-01   72296
  4.645712e+00   4.845692e+01   3.920569e-03   1.877701e-01   71724
  4.659287e+00   4.836231e+01   3.930407e-03   1.908960e-01   69852
  4.672792e+00   4.831780e+01   3.886828e-03   1.903772e-01   69732
  4.686387e+00   4.811348e+01   3.918196e-03   1.917604e-01   69512
  4.699982e+00   4.757581e+01   3.922067e-03   1.896369e-01   69252
  4.713606e+00   4.709116e+01   3.871092e-03   1.866327e-01   68064
  4.727139e+00   4.748391e+01   3.988880e-03   1.891803e-01   67944
  4.740774e+00   4.725032e+01   3.945867e-03   1.864070e-01   68204
  4.754479e+00   4.641396e+01   3.902220e-03   1.895858e-01   66684
  4.767989e+00   4.674374e+01   3.962347e-03   1.874299e-01   66264
  4.781640e+00   4.663295e+01   3.928075e-03   1.872631e-01   66368
  4.795269e+00   4.617825e+01   3.954395e-03   1.870840e-01   65100
  4.808774e+00   4.641546e+01   3.896555e-03   1.899902e-01   64644
  4.822442e+00   4.579614e+01   3.926189e-03   1.872028e-01   64440
  4.835874e+00   4.501191e+01   3.906547e-03   1.857939e-01   62668
  4.849538e+00   4.563852e+01   3.941186e-03   1.856590e-01   64696
  4.863356e+00   4.517509e+01   3.937367e-03   1.870726e-01   62820
  4.876903e+00   4.522870e+01   3.924058e-03   1.869846e-01   61920
  4.890519e+00   4.497030e+01   3.892807e-03   1.871684e-01   61532
  4.903985e+00   4.448266e+01   3.879794e-03   1.891027e-01   59952
  4.917706e+00   4.444013e+01   4.001762e-03   1.832493e-01   62460
  4.931448e+00   4.419299e+01   3.882676e-03   1.869419e-01   58644
  4.944703e+00   4.398063e+01   3.891283e-03   1.864768e-01   58188
  4.958407e+00   4.403954e+01   3.945950e-03   1.863852e-01   60044
  4.972127e+00   4.391592e+01   3.952119e-03   1.872040e-01   57780
  4.985746e+00   4.340547e+01   3.974538e-03   1.847183e-01   58380
  4.999353e+00   4.364374e+01   3.828451e-03   1.890302e-01   55508
  5.012797e+00   4.279997e+01   3.995934e-03   1.861415e-01   56964
  5.026563e+00   4.312799e+01   3.869203e-03   1.872690e-01   56148
  5.040180e+00   4.352987e+01   3.936315e-03   1.940281e-01   54468
  5.053627e+00   4.298043e+01   3.966640e-03   1.895270e-01   54540
  5.067356e+00   4.246200e+01   3.927116e-03   1.864226e-01   54512
  5.080932e+00   4.315266e+01   3.890016e-03   1.956194e-01   52488
  5.094532e+00   4.253529e+01   3.948577e-03   1.893179e-01   53400
  5.108248e+00   4.232787e+01   3.977201e-03   1.920068e-01   51972
  5.121705e+00   4.233649e+01   3.889875e-03   1.962658e-01   50924
  5.135379e+00   4.225867e+01   3.876250e-03   1.931181e-01   51120
  5.148878e+00   4.239804e+01   3.938458e-03   1.987004e-01   49116
  5.162337e+00   4.284268e+01   3.939938e-03   1.977040e-01   49920
  5.176058e+00   4.174300e+01   3.882717e-03   1.975483e-01   48692
  5.189489e+00   4.189999e+01   3.893182e-03   1.983476e-01   47532
  5.203137e+00   4.197296e+01   3.925008e-03   1.999583e-01   48312
  5.216836e+00   4.151859e+01   3.962643e-03   1.984854e-01   46704
  5.230366e+00   4.127431e+01   3.892765e-03   1.982515e-01   46328
  5.244111e+00   4.087633e+01   3.900492e-03   2.004544e-01   45804
  5.257589e+00   4.154167e+01   3.934448e-03   2.069471e-01   44220
  5.271112e+00   4.132878e+01   3.881510e-03   2.051840e-01   44304
  5.284818e+00   4.088367e+01   3.985672e-03   2.037415e-01   43820
  5.298445e+00   4.111471e+01   3.950509e-03   2.069240e-01   43236
  5.312248e+00   4.135589e+01   3.928669e-03   2.062773e-01   42420
  5.325688e+00   4.081703e+01   3.958233e-03   2.095227e-01   40544
  5.339290e+00   4.062167e+01   3.935768e-03   2.082025e-01   41928
  5.353228e+00   4.115645e+01   3.931004e-03   2.132000e-01   40200
  5.366626e+00   4.084107e+01   3.930153e-03   2.156326e-01   38640
  5.380163e+00   4.144785e+01   3.875494e-03   2.188131e-01   38712
  5.393787e+00   4.087846e+01   4.017068e-03   2.199049e-01   38036
  5.407342e+00   4.018485e+01   3.854863e-03   2.199661e-01   37212
  5.421204e+00   4.097516e+01   3.998215e-03   2.243530e-01   37212
  5.434437e+00   4.037467e+01   3.855735e-03   2.306538e-01   33936
  5.447987e+00   4.090118e+01   3.905680e-03   2.266774e-01   36404
  5.461917e+00   4.079571e+01   3.920949e-03   2.306443e-01   34080
  5.475391e+00   4.068707e+01   4.034490e-03   2.324979e-01   33996
  5.489087e+00   4.109845e+01   3.805809e-03   2.416221e-01   32472
  5.502507e+00   3.952583e+01   3.947481e-03   2.374237e-01   31628
  5.516181e+00   4.117216e+01   3.996502e-03   2.422515e-01   32472
  5.530078e+00   4.075921e+01   3.904987e-03   2.459633e-01   30348
  5.543315e+00   4.006834e+01   3.907680e-03   2.515331e-01   28988
  5.556948e+00   4.020574e+01   3.919595e-03   2.431209e-01   29880
  5.570778e+00   3.973673e+01   3.955435e-03   2.541362e-01   28356
  5.584275e+00   4.025884e+01   3.902665e-03   2.597838e-01   27396
  5.597858e+00   3.981132e+01   3.876545e-03   2.636347e-01   26544
  5.611370e+00   3.927945e+01   3.970535e-03   2.590008e-01   26204
  5.625030e+00   3.946760e+01   3.807950e-03   2.683098e-01   25140
  5.638649e+00   3.860510e+01   3.963252e-03   2.627507e-01   24372
  5.652089e+00   3.876957e+01   3.969808e-03   2.649745e-01   23520
  5.665729e+00   3.850564e+01   3.895837e-03   2.674858e-01   23072
  5.679307e+00   3.738350e+01   3.798072e-03   2.668901e-01   21672
  5.692886e+00   3.871858e+01   4.020644e-03   2.803943e-01   21651
  5.706508e+00   3.758981e+01   3.952612e-03   2.793455e-01   20538
  5.720047e+00   3.727362e+01   3.818309e-03   2.825477e-01   19856
  5.733890e+00   3.695762e+01   3.981211e-03   2.718334e-01   19926
  5.747594e+00   3.694755e+01   3.944098e-03   2.800940e-01   18498
  5.760935e+00   3.714567e+01   3.914769e-03   2.862767e-01   17854
  5.774519e+00   3.614458e+01   3.923196e-03   2.848676e-01   17770
  5.788396e+00   3.600304e+01   4.034994e-03   2.798904e-01   17628
  5.802026e+00   3.546618e+01   3.889486e-03   2.877090e-01   16104
  5.815233e+00   3.566099e+01   3.882016e-03   2.953478e-01   15660
  5.829022e+00   3.600602e+01   4.074494e-03   2.910077e-01   16400
  5.842875e+00   3.606961e+01   3.802365e-03   3.021211e-01   14868
  5.856390e+00   3.570837e+01   3.969648e-03   3.078225e-01   14616
  5.869791e+00   3.568392e+01   3.943700e-03   3.080398e-01   13932
  5.883556e+00   3.463822e+01   4.062357e-03   2.980673e-01   14486
  5.897349e+00   3.482672e+01   3.662010e-03   3.205568e-01   12864
  5.910717e+00   3.403543e+01   3.994542e-03   3.149117e-01   12900
  5.924175e+00   3.451522e+01   4.028686e-03   3.307456e-01   12562
  5.937964e+00   3.350723e+01   3.894212e-03   3.111526e-01   12460
  5.951790e+00   3.426644e+01   3.764053e-03   3.304301e-01   11646
  5.965277e+00   3.431762e+01   4.028947e-03   3.309652e-01   11352
  5.978564e+00   3.428636e+01   3.931744e-03   3.397088e-01   10758
  5.992150e+00   3.396008e+01   3.833208e-03   3.455480e-01   10898
  6.006104e+00   3.476597e+01   3.829055e-03   3.399416e-01   10500
  6.019849e+00   3.427896e+01   4.032945e-03   3.513871e-01   10050
  6.033042e+00   3.469137e+01   3.834876e-03   3.598389e-01   9174
  6.046398e+00   3.276405e+01   3.815691e-03   3.469897e-01   9476
  6.060298e+00   3.353241e+01   3.832931e-03   3.493745e-01   9186
  6.074000e+00   3.330600e+01   3.978452e-03   3.671784e-01   8694
  6.087138e+00   3.292639e+01   3.802106e-03   3.753990e-01   8010
  6.100712e+00   3.305320e+01   3.918842e-03   3.656828e-01   8486
  6.114616e+00   3.293922e+01   3.743319e-03   3.767303e-01   7740
  6.128192e+00   3.323900e+01   4.122262e-03   3.928242e-01   7650
  6.141369e+00   3.394426e+01   3.837708e-03   4.276913e-01   6918
  6.155106e+00   3.292392e+01   3.973808e-03   3.957440e-01   7490
  6.169365e+00   3.269720e+01   3.841312e-03   4.186676e-01   6846
  6.182899e+00   3.189237e+01   4.097584e-03   4.116923e-01   6366
  6.195855e+00   3.376021e+01   3.985056e-03   4.298700e-01   5978
  6.209624e+00   3.301225e+01   3.973443e-03   4.175979e-01   6438
  6.223953e+00   3.253550e+01   3.713119e-03   4.288787e-01   5856
  6.237588e+00   3.306092e+01   4.056220e-03   4.556334e-01   5478
  6.250458e+00   3.359481e+01   3.970577e-03   4.706828e-01   4974
  6.263859e+00   3.271988e+01   3.893546e-03   4.440950e-01   5330
  6.278158e+00   3.313816e+01   3.800745e-03   4.741411e-01   5070
  6.291981e+00   3.337530e+01   4.021693e-03   4.870552e-01   4650
  6.304934e+00   3.269452e+01   3.921060e-03   5.036473e-01   4206
  6.318419e+00   3.306242e+01   3.913071e-03   5.004934e-01   4502
  6.332575e+00   3.320202e+01   3.748429e-03   5.174968e-01   4122
  6.346081e+00   3.375223e+01   4.082538e-03   5.457548e-01   3846
  6.358970e+00   3.413111e+01   3.827310e-03   5.803838e-01   3522
  6.372735e+00   3.280458e+01   3.830019e-03   5.279269e-01   3806
  6.387400e+00   3.380394e+01   3.938369e-03   5.734704e-01   3582
  6.400807e+00   3.562360e+01   3.966273e-03   6.666338e-01   2916
  6.412918e+00   3.451005e+01   3.719496e-03   6.256713e-01   2846
  6.426957e+00   3.357232e+01   3.704775e-03   5.766675e-01   3210
  6.442023e+00   3.412142e+01   3.823963e-03   6.589339e-01   2934
  6.455358e+00   3.452619e+01   4.132242e-03   7.012937e-01   2286
  6.466712e+00   3.516716e+01   3.564076e-03   7.439630e-01   2186
  6.480937e+00   3.562964e+01   3.548446e-03   6.611849e-01   2670
  6.496618e+00   3.402153e+01   3.626045e-03   7.119994e-01   2418
  6.510243e+00   3.391021e+01   4.163535e-03   8.232179e-01   1734
  6.520389e+00   3.837642e+01   3.380254e-03   9.910873e-01   1598
  6.534825e+00   3.595003e+01   3.392926e-03   7.537019e-01   2178
  6.551129e+00   3.702493e+01   3.264100e-03   8.117259e-01   1944
  6.565475e+00   3.571367e+01   3.951512e-03   9.464002e-01   1326
  6.574347e+00   3.891931e+01   3.483848e-03   1.191987e+00   1098
  6.588627e+00   3.756692e+01   3.114351e-03   9.311706e-01   1670
  6.605318e+00   4.113344e+01   2.966416e-03   1.063333e+00   1506
  6.620914e+00   3.708625e+01   3.705733e-03   1.054699e+00   1134
  6.628491e+00   4.358097e+01   2.990986e-03   1.747935e+00   558
  6.642518e+00   3.676347e+01   3.087466e-03   1.050402e+00   1292
  6.659724e+00   3.889711e+01   2.169084e-03   1.224275e+00   1086
  6.675965e+00   3.741278e+01   2.978593e-03   1.222842e+00   858
  6.681697e+00   3.686917e+01   1.913752e-03   2.235830e+00   246
  6.695739e+00   4.242542e+01   2.219005e-03   1.433473e+00   902
  6.713459e+00   3.695225e+01   1.840625e-03   1.289218e+00   780
  6.730751e+00   3.878443e+01   1.476129e-03   1.562135e+00   606
  6.734883e+00   4.359302e+01   1.019448e-03   5.224591e+00   78
  6.749143e+00   4.374685e+01   1.435913e-03   1.859664e+00   578
  6.766997e+00   4.004996e+01   1.215036e-03   1.878012e+00   486
  6.784822e+00   4.149757e+01   9.199482e-04   2.349423e+00   396
  6.788458e+00   1.956115e+01   1.245875e-07   4.436066e+00   6
  6.802781e+00   4.495773e+01   8.323259e-04   2.242292e+00   326
  6.820711e+00   4.043463e+01   6.700165e-04   2.856589e+00   258
  6.838666e+00   4.074349e+01   5.266681e-04   2.760134e+00   198
  6.856647e+00   4.560396e+01   4.018571e-04   3.229841e+00   146
  6.874651e+00   4.326836e+01   2.949634e-04   4.061637e+00   102
  6.892681e+00   5.804808e+01   2.049921e-04   7.631113e+00   66
  6.910733e+00   4.611542e+01   1.301902e-04   4.927717e+00   38
  6.928809e+00   4.322336e+01   6.714806e-05   7.238396e+00   18
  6.946899e+00   3.016396e+01   0.000000e+00   7.356367e+00   6
