# power spectrum of delta
# redshift z=0.980902
# k              Pk             sigma(k)       sigma(Pk)      count
  3.141593e-02   5.690003e-03   0.000000e+00   2.123458e-03   6
  4.442883e-02   2.856176e-02   0.000000e+00   6.236355e-03   12
  5.802164e-02   3.862487e-02   4.165766e-03   7.393300e-03   14
  7.360057e-02   7.016336e-02   3.352421e-03   8.260749e-03   48
  9.270775e-02   8.404418e-02   2.435008e-03   9.144728e-03   42
  1.017704e-01   8.311502e-02   2.424479e-03   1.156569e-02   48
  1.153929e-01   1.209942e-01   2.906092e-03   1.306274e-02   80
  1.307755e-01   1.800048e-01   2.256064e-03   1.492564e-02   90
  1.425441e-01   1.691329e-01   3.543669e-03   1.714107e-02   120
  1.582527e-01   2.147676e-01   2.464158e-03   1.707771e-02   126
  1.688432e-01   2.394931e-01   3.154548e-03   2.130637e-02   152
  1.836782e-01   2.731761e-01   3.159459e-03   1.911340e-02   186
  1.984188e-01   3.181567e-01   4.320525e-03   1.930361e-02   264
  2.103968e-01   3.815016e-01   2.329274e-03   2.779608e-02   168
  2.256796e-01   3.925114e-01   4.166516e-03   2.137506e-02   386
  2.384685e-01   3.135198e-01   2.522415e-03   2.091649e-02   192
  2.510516e-01   4.538622e-01   4.136055e-03   2.169496e-02   390
  2.651879e-01   4.081852e-01   4.330201e-03   2.190656e-02   396
  2.784685e-01   5.080148e-01   4.297623e-03   2.723088e-02   398
  2.930683e-01   5.274095e-01   4.203503e-03   2.100541e-02   576
  3.074355e-01   5.475320e-01   4.268936e-03   2.675384e-02   444
  3.196306e-01   6.911777e-01   3.633305e-03   2.823293e-02   558
  3.339439e-01   6.508932e-01   4.431845e-03   2.603607e-02   680
  3.482695e-01   7.135948e-01   3.737612e-03   2.892016e-02   654
  3.606702e-01   7.639967e-01   3.098283e-03   2.961766e-02   636
  3.744701e-01   7.870474e-01   4.625996e-03   2.649798e-02   822
  3.874721e-01   8.408282e-01   3.413739e-03   2.899430e-02   800
  4.008383e-01   8.833714e-01   3.425402e-03   3.368778e-02   804
  4.144585e-01   9.127348e-01   4.248130e-03   3.101924e-02   1038
  4.276450e-01   9.861914e-01   3.327722e-03   3.182817e-02   936
  4.419378e-01   9.413963e-01   3.846286e-03   2.664632e-02   1130
  4.548921e-01   1.055323e+00   3.615260e-03   3.153138e-02   1104
  4.691124e-01   1.110071e+00   4.008065e-03   3.240932e-02   1230
  4.821164e-01   1.212911e+00   4.056757e-03   3.336478e-02   1260
  4.953275e-01   1.159640e+00   3.524350e-03   3.127997e-02   1286
  5.102690e-01   1.147530e+00   4.314822e-03   2.783263e-02   1728
  5.244277e-01   1.303680e+00   3.776779e-03   3.654883e-02   1392
  5.378841e-01   1.405434e+00   3.611560e-03   3.524033e-02   1626
  5.516772e-01   1.318833e+00   4.176112e-03   3.312982e-02   1760
  5.655257e-01   1.383358e+00   3.476948e-03   3.284595e-02   1686
  5.785810e-01   1.461832e+00   3.624350e-03   3.535377e-02   1812
  5.917556e-01   1.532129e+00   3.946744e-03   3.392403e-02   1814
  6.054204e-01   1.590448e+00   3.824700e-03   3.404965e-02   2208
  6.193001e-01   1.620826e+00   3.672349e-03   3.738390e-02   1956
  6.331106e-01   1.650881e+00   4.113541e-03   3.296585e-02   2454
  6.464857e-01   1.808743e+00   3.232255e-03   4.047641e-02   2016
  6.600246e-01   1.909433e+00   4.250694e-03   3.815210e-02   2570
  6.734642e-01   1.941601e+00   3.674585e-03   4.011927e-02   2400
  6.869599e-01   2.038019e+00   4.165537e-03   4.130022e-02   2526
  7.003842e-01   2.009742e+00   4.183440e-03   3.863288e-02   2840
  7.144275e-01   2.042272e+00   3.954639e-03   3.997368e-02   2820
  7.283394e-01   2.119849e+00   4.001183e-03   3.889155e-02   2958
  7.415388e-01   2.243159e+00   4.046069e-03   3.941848e-02   2976
  7.554540e-01   2.256453e+00   4.042208e-03   4.157207e-02   3186
  7.684962e-01   2.399240e+00   3.846112e-03   4.251449e-02   3128
  7.826392e-01   2.391453e+00   4.125155e-03   3.990776e-02   3606
  7.961215e-01   2.487392e+00   3.786344e-03   4.416950e-02   3276
  8.090174e-01   2.523336e+00   3.971636e-03   4.342480e-02   3480
  8.225598e-01   2.572552e+00   3.784476e-03   4.016627e-02   3758
  8.357786e-01   2.674703e+00   3.799764e-03   4.264508e-02   3744
  8.498520e-01   2.784435e+00   3.854902e-03   4.429540e-02   4170
  8.633049e-01   2.788941e+00   3.798313e-03   4.387290e-02   3984
  8.770071e-01   2.953566e+00   3.926232e-03   4.703869e-02   4334
  8.905275e-01   2.898387e+00   3.529674e-03   4.316392e-02   4284
  9.038804e-01   3.044087e+00   3.916433e-03   4.713371e-02   4374
  9.178385e-01   3.052161e+00   4.059177e-03   4.190622e-02   5016
  9.315884e-01   3.163899e+00   3.852497e-03   4.753308e-02   4580
  9.452952e-01   3.266837e+00   3.966708e-03   4.742558e-02   5142
  9.592763e-01   3.310167e+00   3.910943e-03   4.698935e-02   5184
  9.729633e-01   3.422030e+00   3.939164e-03   4.925655e-02   5058
  9.861190e-01   3.551757e+00   3.769886e-03   4.689251e-02   5384
  1.000186e+00   3.546542e+00   4.035866e-03   4.828802e-02   5622
  1.013753e+00   3.644902e+00   3.904870e-03   4.598190e-02   5736
  1.027283e+00   3.747173e+00   3.647351e-03   4.998615e-02   5612
  1.040858e+00   3.874987e+00   3.845168e-03   5.167725e-02   6054
  1.054301e+00   3.849873e+00   3.830035e-03   4.930861e-02   6096
  1.068351e+00   4.050609e+00   4.010733e-03   5.057571e-02   6474
  1.081347e+00   4.114894e+00   3.667309e-03   5.238498e-02   6024
  1.095246e+00   4.129560e+00   4.065639e-03   4.835583e-02   7070
  1.109016e+00   4.220704e+00   3.717857e-03   5.310826e-02   6516
  1.122225e+00   4.349303e+00   4.039916e-03   5.244073e-02   6936
  1.135977e+00   4.421124e+00   3.839772e-03   5.271322e-02   7070
  1.149314e+00   4.307774e+00   4.091678e-03   5.108184e-02   7284
  1.163464e+00   4.582911e+00   4.073978e-03   5.105080e-02   7878
  1.177130e+00   4.612344e+00   3.909712e-03   5.328481e-02   7344
  1.190321e+00   4.678148e+00   4.084811e-03   5.198332e-02   7646
  1.204111e+00   4.851915e+00   4.038054e-03   5.228312e-02   8460
  1.217997e+00   4.793938e+00   3.926378e-03   5.446621e-02   7920
  1.231156e+00   5.090737e+00   3.721931e-03   5.608055e-02   8118
  1.244553e+00   4.919569e+00   4.024635e-03   5.308775e-02   8548
  1.258178e+00   4.997277e+00   3.921185e-03   5.413892e-02   8710
  1.271691e+00   5.232492e+00   3.764707e-03   5.515068e-02   8928
  1.285561e+00   5.333021e+00   4.047597e-03   5.699759e-02   9186
  1.298846e+00   5.351716e+00   3.750366e-03   5.525528e-02   9168
  1.312565e+00   5.398591e+00   3.864081e-03   5.345507e-02   9470
  1.325964e+00   5.558471e+00   3.802716e-03   5.751669e-02   9564
  1.339705e+00   5.612945e+00   3.996268e-03   5.514161e-02   10296
  1.353676e+00   5.735039e+00   3.842834e-03   5.655896e-02   9974
  1.366862e+00   5.909228e+00   3.854101e-03   5.854109e-02   10176
  1.380980e+00   5.873503e+00   4.068810e-03   5.515460e-02   11082
  1.394750e+00   5.997542e+00   3.959255e-03   5.744236e-02   10632
  1.408193e+00   6.042738e+00   3.889692e-03   5.795818e-02   10718
  1.421788e+00   6.111973e+00   3.905400e-03   5.727092e-02   11292
  1.435384e+00   6.311997e+00   3.993093e-03   5.851082e-02   11352
  1.449104e+00   6.269997e+00   3.785706e-03   5.879351e-02   11550
  1.462441e+00   6.410480e+00   3.952267e-03   5.880874e-02   11564
  1.476107e+00   6.465344e+00   3.952073e-03   5.871095e-02   12246
  1.489723e+00   6.423064e+00   3.772425e-03   5.923723e-02   12096
  1.503400e+00   6.555046e+00   4.087643e-03   5.790283e-02   12582
  1.516919e+00   6.624551e+00   3.787547e-03   5.925574e-02   12612
  1.530766e+00   6.877235e+00   4.098583e-03   5.972497e-02   13328
  1.544314e+00   6.762405e+00   3.674401e-03   6.171947e-02   12654
  1.557593e+00   7.011459e+00   3.885118e-03   6.086296e-02   13236
  1.571003e+00   7.094300e+00   3.956485e-03   6.108224e-02   13270
  1.584639e+00   7.030583e+00   4.050033e-03   5.842136e-02   14512
  1.598830e+00   7.117470e+00   4.069077e-03   5.955493e-02   14226
  1.612168e+00   7.227641e+00   3.908672e-03   6.303329e-02   14088
  1.625624e+00   7.384089e+00   3.879336e-03   6.204848e-02   14208
  1.639178e+00   7.447034e+00   4.071732e-03   6.171695e-02   15074
  1.652966e+00   7.583942e+00   4.075022e-03   6.146054e-02   15480
  1.666752e+00   7.644872e+00   3.843772e-03   6.288458e-02   14862
  1.679789e+00   7.556249e+00   3.927431e-03   6.159946e-02   15232
  1.693506e+00   7.691012e+00   3.931524e-03   6.123379e-02   16018
  1.706973e+00   7.818791e+00   3.816759e-03   6.213230e-02   15720
  1.720412e+00   8.074309e+00   3.911029e-03   6.361932e-02   16296
  1.734261e+00   8.069704e+00   3.879045e-03   6.178958e-02   17010
  1.747710e+00   8.205789e+00   3.776189e-03   6.401467e-02   16328
  1.761238e+00   8.209412e+00   3.711062e-03   6.127099e-02   17094
  1.774811e+00   8.138399e+00   3.924532e-03   6.188020e-02   17436
  1.788534e+00   8.259859e+00   3.989493e-03   6.107564e-02   17862
  1.802314e+00   8.488782e+00   3.866890e-03   6.222555e-02   18200
  1.816191e+00   8.533306e+00   4.099167e-03   6.316231e-02   18450
  1.829771e+00   8.660562e+00   3.838324e-03   6.379558e-02   18384
  1.843323e+00   8.646765e+00   3.923486e-03   6.326120e-02   18504
  1.856855e+00   8.903786e+00   3.885045e-03   6.385254e-02   19142
  1.870661e+00   8.796628e+00   3.895698e-03   6.223883e-02   19692
  1.884317e+00   8.808136e+00   3.914843e-03   6.412837e-02   19062
  1.897677e+00   8.989683e+00   3.958747e-03   6.278297e-02   20184
  1.911496e+00   8.936026e+00   3.897574e-03   6.356753e-02   19970
  1.924963e+00   9.219553e+00   3.909731e-03   6.383810e-02   20496
  1.938839e+00   9.176708e+00   4.023732e-03   6.229857e-02   21456
  1.952332e+00   9.183765e+00   3.635348e-03   6.565534e-02   19650
  1.965583e+00   9.419856e+00   4.039758e-03   6.374233e-02   22040
  1.979557e+00   9.464297e+00   3.828807e-03   6.344852e-02   21558
  1.993024e+00   9.387402e+00   3.951337e-03   6.407226e-02   21804
  2.006530e+00   9.436631e+00   3.912103e-03   6.373653e-02   21846
  2.020013e+00   9.654795e+00   3.927065e-03   6.439658e-02   22496
  2.033563e+00   9.716459e+00   3.987707e-03   6.431443e-02   22776
  2.047479e+00   9.786231e+00   3.994392e-03   6.297966e-02   23874
  2.061145e+00   9.786073e+00   4.027768e-03   6.469047e-02   23120
  2.074737e+00   1.004146e+01   3.956099e-03   6.482470e-02   23958
  2.088373e+00   1.014049e+01   3.906756e-03   6.637880e-02   23892
  2.101727e+00   1.008575e+01   3.924859e-03   6.592566e-02   23550
  2.115216e+00   1.011071e+01   3.968932e-03   6.346304e-02   25296
  2.128915e+00   1.026047e+01   3.924347e-03   6.458505e-02   24452
  2.142311e+00   1.020617e+01   3.835662e-03   6.425694e-02   25254
  2.156023e+00   1.045726e+01   3.969357e-03   6.516287e-02   26016
  2.169543e+00   1.035136e+01   3.782439e-03   6.500608e-02   25182
  2.183190e+00   1.036440e+01   3.967911e-03   6.297207e-02   27428
  2.197036e+00   1.057252e+01   3.811822e-03   6.587961e-02   25974
  2.210356e+00   1.051118e+01   3.861453e-03   6.306463e-02   26904
  2.223881e+00   1.049038e+01   3.824751e-03   6.512758e-02   26730
  2.237420e+00   1.064728e+01   3.914440e-03   6.410372e-02   27896
  2.251310e+00   1.080092e+01   4.054409e-03   6.327673e-02   28992
  2.265347e+00   1.063979e+01   3.954062e-03   6.270925e-02   28698
  2.278737e+00   1.089596e+01   3.843600e-03   6.582774e-02   27776
  2.292429e+00   1.067219e+01   3.995766e-03   6.162489e-02   29814
  2.306139e+00   1.090860e+01   3.915312e-03   6.420172e-02   29148
  2.319524e+00   1.082673e+01   3.875582e-03   6.403124e-02   28806
  2.333025e+00   1.100440e+01   3.958903e-03   6.245839e-02   30408
  2.346651e+00   1.091602e+01   3.963675e-03   6.252731e-02   30320
  2.360383e+00   1.092317e+01   3.835440e-03   6.221771e-02   30930
  2.374113e+00   1.106488e+01   4.052392e-03   6.237215e-02   31656
  2.387552e+00   1.105680e+01   3.767771e-03   6.414077e-02   30038
  2.401049e+00   1.108700e+01   3.994026e-03   6.090835e-02   32772
  2.414634e+00   1.117020e+01   3.846851e-03   6.326124e-02   30846
  2.428124e+00   1.113753e+01   4.001639e-03   6.090874e-02   33480
  2.441934e+00   1.121485e+01   4.002753e-03   6.230752e-02   32804
  2.455419e+00   1.120280e+01   3.837070e-03   6.247980e-02   32814
  2.469066e+00   1.125017e+01   3.979794e-03   6.127498e-02   34200
  2.482757e+00   1.130742e+01   3.961173e-03   6.201577e-02   33594
  2.496189e+00   1.149207e+01   3.958120e-03   6.140828e-02   34336
  2.509895e+00   1.126733e+01   4.021608e-03   5.994755e-02   34822
  2.523498e+00   1.126481e+01   3.984730e-03   5.899194e-02   35472
  2.537012e+00   1.142394e+01   3.829489e-03   6.165610e-02   34404
  2.550515e+00   1.149924e+01   3.989015e-03   5.979316e-02   36254
  2.564036e+00   1.142607e+01   3.909325e-03   5.995344e-02   35952
  2.577685e+00   1.157840e+01   3.865425e-03   5.996492e-02   36570
  2.591221e+00   1.153566e+01   3.945868e-03   5.930594e-02   37176
  2.604897e+00   1.157601e+01   3.868066e-03   5.952180e-02   37374
  2.618539e+00   1.152027e+01   3.900492e-03   5.871446e-02   38084
  2.632053e+00   1.153678e+01   3.851721e-03   5.952576e-02   37590
  2.645768e+00   1.173343e+01   3.924351e-03   5.879433e-02   39480
  2.659318e+00   1.159635e+01   3.881595e-03   5.920678e-02   38228
  2.672896e+00   1.186820e+01   3.832629e-03   5.915834e-02   39678
  2.686732e+00   1.179549e+01   4.013848e-03   5.879440e-02   40944
  2.700458e+00   1.170396e+01   3.906598e-03   5.867034e-02   39678
  2.713942e+00   1.190539e+01   3.899880e-03   5.945073e-02   40652
  2.727541e+00   1.177232e+01   3.970706e-03   5.874015e-02   40758
  2.741211e+00   1.191499e+01   3.946723e-03   5.838005e-02   42216
  2.754895e+00   1.180091e+01   3.941899e-03   5.812821e-02   41532
  2.768446e+00   1.185620e+01   3.908674e-03   5.716724e-02   42134
  2.781915e+00   1.176167e+01   3.852299e-03   5.701726e-02   42216
  2.795593e+00   1.192474e+01   3.995670e-03   5.697127e-02   43530
  2.809225e+00   1.206596e+01   3.940296e-03   5.841938e-02   43848
  2.822801e+00   1.187422e+01   3.861058e-03   5.698122e-02   42854
  2.836455e+00   1.202030e+01   4.071603e-03   5.638018e-02   46176
  2.850131e+00   1.198516e+01   3.770192e-03   5.784787e-02   43380
  2.863598e+00   1.193611e+01   3.917386e-03   5.656022e-02   45294
  2.877132e+00   1.186869e+01   3.960175e-03   5.469914e-02   45744
  2.890932e+00   1.197081e+01   3.942487e-03   5.576544e-02   46682
  2.904469e+00   1.187555e+01   3.914379e-03   5.588558e-02   45840
  2.918029e+00   1.199099e+01   3.983754e-03   5.547440e-02   47118
  2.931574e+00   1.188260e+01   3.902550e-03   5.446076e-02   46916
  2.945138e+00   1.190157e+01   4.001451e-03   5.440823e-02   48192
  2.959047e+00   1.197474e+01   3.978965e-03   5.374412e-02   49566
  2.972418e+00   1.187572e+01   3.826645e-03   5.467650e-02   46284
  2.985778e+00   1.192810e+01   3.941096e-03   5.386015e-02   49486
  2.999427e+00   1.192993e+01   3.935566e-03   5.323930e-02   49840
  3.013055e+00   1.199740e+01   3.926843e-03   5.385255e-02   49806
  3.026747e+00   1.207139e+01   3.938750e-03   5.380801e-02   51492
  3.040282e+00   1.188786e+01   3.850917e-03   5.400248e-02   49488
  3.053928e+00   1.210236e+01   3.960828e-03   5.261668e-02   53198
  3.067660e+00   1.187616e+01   3.817999e-03   5.287519e-02   51060
  3.081158e+00   1.204524e+01   3.894577e-03   5.253656e-02   52134
  3.094688e+00   1.202897e+01   3.888791e-03   5.247621e-02   52864
  3.108319e+00   1.202032e+01   3.904203e-03   5.228841e-02   52930
  3.121955e+00   1.209885e+01   3.954567e-03   5.180952e-02   54936
  3.135758e+00   1.200582e+01   3.897590e-03   5.195313e-02   53886
  3.149230e+00   1.190788e+01   3.937544e-03   5.077522e-02   54268
  3.162743e+00   1.198689e+01   3.939575e-03   5.113949e-02   55264
  3.176547e+00   1.208484e+01   3.942980e-03   5.075198e-02   56358
  3.190083e+00   1.190383e+01   3.916767e-03   5.054137e-02   55632
  3.203717e+00   1.192698e+01   3.912176e-03   5.020259e-02   56514
  3.217266e+00   1.198418e+01   3.982076e-03   5.046041e-02   57248
  3.230810e+00   1.177978e+01   3.904678e-03   4.927554e-02   56766
  3.244673e+00   1.185910e+01   4.094868e-03   4.796943e-02   60804
  3.258170e+00   1.185079e+01   3.776079e-03   4.989307e-02   55416
  3.271753e+00   1.196874e+01   3.996388e-03   4.867383e-02   61286
  3.285338e+00   1.195073e+01   3.833338e-03   5.004333e-02   57396
  3.298806e+00   1.191235e+01   3.991398e-03   4.854670e-02   60870
  3.312472e+00   1.195767e+01   3.883682e-03   4.874512e-02   60248
  3.326075e+00   1.192700e+01   3.982993e-03   4.843325e-02   60978
  3.339697e+00   1.199114e+01   3.918479e-03   4.821195e-02   62016
  3.353256e+00   1.179255e+01   3.912234e-03   4.801607e-02   60768
  3.366742e+00   1.187410e+01   3.948483e-03   4.783256e-02   62806
  3.380458e+00   1.188812e+01   3.971518e-03   4.704815e-02   63868
  3.394173e+00   1.187777e+01   3.950242e-03   4.759926e-02   63054
  3.407522e+00   1.189503e+01   3.889075e-03   4.782067e-02   63024
  3.421149e+00   1.195799e+01   4.000464e-03   4.718944e-02   64882
  3.434670e+00   1.185030e+01   3.899766e-03   4.687607e-02   64744
  3.448305e+00   1.185911e+01   3.892570e-03   4.592518e-02   65688
  3.461951e+00   1.195388e+01   3.915056e-03   4.688613e-02   65994
  3.475449e+00   1.187498e+01   3.920197e-03   4.649864e-02   66648
  3.489190e+00   1.179016e+01   3.861504e-03   4.556586e-02   67310
  3.502679e+00   1.189218e+01   3.876178e-03   4.604079e-02   67224
  3.516300e+00   1.192068e+01   3.864568e-03   4.657617e-02   68034
  3.529960e+00   1.180852e+01   3.966927e-03   4.489677e-02   69744
  3.543594e+00   1.176327e+01   3.885699e-03   4.565284e-02   68654
  3.557414e+00   1.185690e+01   3.971071e-03   4.394900e-02   72132
  3.571044e+00   1.178873e+01   3.879008e-03   4.521882e-02   68520
  3.584509e+00   1.188213e+01   3.898516e-03   4.485366e-02   71070
  3.598179e+00   1.177174e+01   3.958888e-03   4.437115e-02   71948
  3.611821e+00   1.174987e+01   3.929676e-03   4.416351e-02   71598
  3.625467e+00   1.186439e+01   3.942460e-03   4.389119e-02   73536
  3.639107e+00   1.174962e+01   3.937889e-03   4.435671e-02   71802
  3.652514e+00   1.196577e+01   3.891299e-03   4.494116e-02   73280
  3.666109e+00   1.187957e+01   3.935353e-03   4.441498e-02   73992
  3.679845e+00   1.173896e+01   4.017255e-03   4.311697e-02   75966
  3.693428e+00   1.181361e+01   3.879294e-03   4.379771e-02   74364
  3.707067e+00   1.188390e+01   3.965648e-03   4.376627e-02   76094
  3.720600e+00   1.191243e+01   3.905935e-03   4.402419e-02   76224
  3.734235e+00   1.181877e+01   3.912190e-03   4.331032e-02   76242
  3.747669e+00   1.199515e+01   3.927725e-03   4.389200e-02   76960
  3.761291e+00   1.184643e+01   3.936642e-03   4.267359e-02   78664
  3.775137e+00   1.189202e+01   3.964378e-03   4.272500e-02   79962
  3.788660e+00   1.181569e+01   3.891324e-03   4.340116e-02   77760
  3.802214e+00   1.189331e+01   3.906151e-03   4.311491e-02   79590
  3.815784e+00   1.189411e+01   3.980873e-03   4.274807e-02   80732
  3.829489e+00   1.187046e+01   3.955057e-03   4.239851e-02   81174
  3.843061e+00   1.202364e+01   3.897815e-03   4.302948e-02   80832
  3.856429e+00   1.194397e+01   3.890120e-03   4.320930e-02   80040
  3.870041e+00   1.207748e+01   3.937062e-03   4.314212e-02   84266
  3.883800e+00   1.198728e+01   3.965191e-03   4.259795e-02   83592
  3.897465e+00   1.219370e+01   3.910254e-03   4.357450e-02   83838
  3.910997e+00   1.210319e+01   3.872159e-03   4.339426e-02   83676
  3.924583e+00   1.205458e+01   3.944483e-03   4.234878e-02   84950
  3.938101e+00   1.214675e+01   3.827494e-03   4.364152e-02   84912
  3.951789e+00   1.210420e+01   3.995013e-03   4.245141e-02   87162
  3.965420e+00   1.230060e+01   3.878666e-03   4.382380e-02   86440
  3.978946e+00   1.220199e+01   3.856469e-03   4.356952e-02   86560
  3.992604e+00   1.229441e+01   3.947133e-03   4.326050e-02   88698
  4.006224e+00   1.237051e+01   3.908165e-03   4.400835e-02   88920
  4.019914e+00   1.229064e+01   3.907564e-03   4.367188e-02   88323
  4.033463e+00   1.232554e+01   3.941385e-03   4.376085e-02   89360
  4.047191e+00   1.220414e+01   3.920678e-03   4.306474e-02   89040
  4.060772e+00   1.219558e+01   3.965659e-03   4.333948e-02   87684
  4.074289e+00   1.223245e+01   3.941664e-03   4.354655e-02   87900
  4.087951e+00   1.218184e+01   3.932995e-03   4.339727e-02   87884
  4.101525e+00   1.203118e+01   3.936703e-03   4.295911e-02   86844
  4.115106e+00   1.204638e+01   3.939490e-03   4.239573e-02   87216
  4.128692e+00   1.202519e+01   3.930534e-03   4.256982e-02   85952
  4.142291e+00   1.197730e+01   3.981611e-03   4.268443e-02   87264
  4.156016e+00   1.189787e+01   3.930927e-03   4.241836e-02   86316
  4.169516e+00   1.181904e+01   3.887819e-03   4.293727e-02   83976
  4.183033e+00   1.179311e+01   3.957351e-03   4.205821e-02   85928
  4.196752e+00   1.174398e+01   3.971860e-03   4.227260e-02   85608
  4.210347e+00   1.173553e+01   3.902488e-03   4.250773e-02   83964
  4.223963e+00   1.174300e+01   3.940777e-03   4.217820e-02   84708
  4.237476e+00   1.162577e+01   3.905502e-03   4.188767e-02   82260
  4.250988e+00   1.168842e+01   3.945996e-03   4.229528e-02   84296
  4.264733e+00   1.163884e+01   3.941065e-03   4.218592e-02   83460
  4.278231e+00   1.161074e+01   3.898421e-03   4.256618e-02   81444
  4.291717e+00   1.158922e+01   3.905830e-03   4.195442e-02   82144
  4.305327e+00   1.153549e+01   3.952156e-03   4.238878e-02   82180
  4.318919e+00   1.137576e+01   3.889070e-03   4.154087e-02   81420
  4.332623e+00   1.148161e+01   3.967259e-03   4.205186e-02   82104
  4.346159e+00   1.139195e+01   3.882328e-03   4.174968e-02   79620
  4.359759e+00   1.130087e+01   3.897281e-03   4.102214e-02   81236
  4.373418e+00   1.133882e+01   3.880312e-03   4.145223e-02   79608
  4.387029e+00   1.115711e+01   3.933006e-03   4.121047e-02   80268
  4.400643e+00   1.122243e+01   3.850171e-03   4.156572e-02   78412
  4.414192e+00   1.107959e+01   3.922071e-03   4.114484e-02   78952
  4.427933e+00   1.108975e+01   3.938715e-03   4.093434e-02   79656
  4.441606e+00   1.117662e+01   3.881671e-03   4.184399e-02   77184
  4.455081e+00   1.106903e+01   3.897139e-03   4.111120e-02   76944
  4.468742e+00   1.104080e+01   3.934255e-03   4.071286e-02   77984
  4.482318e+00   1.113557e+01   3.887487e-03   4.218340e-02   75336
  4.495891e+00   1.109982e+01   3.967951e-03   4.122693e-02   77280
  4.509585e+00   1.094102e+01   3.911883e-03   4.078598e-02   75120
  4.523186e+00   1.089874e+01   4.006918e-03   4.053283e-02   76364
  4.536881e+00   1.093433e+01   3.870669e-03   4.142931e-02   74244
  4.550448e+00   1.085892e+01   4.007133e-03   4.120131e-02   74400
  4.563952e+00   1.084019e+01   3.919594e-03   4.123092e-02   73388
  4.577709e+00   1.077550e+01   3.981865e-03   4.070531e-02   74964
  4.591267e+00   1.062315e+01   3.838052e-03   4.102324e-02   71100
  4.604865e+00   1.064293e+01   3.984832e-03   4.030647e-02   74100
  4.618437e+00   1.072873e+01   3.839966e-03   4.195113e-02   70068
  4.631915e+00   1.063916e+01   3.927566e-03   4.112567e-02   72296
  4.645712e+00   1.060712e+01   3.920569e-03   4.066155e-02   71724
  4.659287e+00   1.062309e+01   3.930407e-03   4.170562e-02   69852
  4.672792e+00   1.067547e+01   3.886828e-03   4.140899e-02   69732
  4.686387e+00   1.056807e+01   3.918196e-03   4.126780e-02   69512
  4.699982e+00   1.049811e+01   3.922067e-03   4.088135e-02   69252
  4.713606e+00   1.050378e+01   3.871092e-03   4.162702e-02   68064
  4.727139e+00   1.046807e+01   3.988880e-03   4.143704e-02   67944
  4.740774e+00   1.051104e+01   3.945867e-03   4.112499e-02   68204
  4.754479e+00   1.044126e+01   3.902220e-03   4.159742e-02   66684
  4.767989e+00   1.048394e+01   3.962347e-03   4.215061e-02   66264
  4.781640e+00   1.039910e+01   3.928075e-03   4.120196e-02   66368
  4.795269e+00   1.041919e+01   3.954395e-03   4.202628e-02   65100
  4.808774e+00   1.033511e+01   3.896555e-03   4.192881e-02   64644
  4.822442e+00   1.030904e+01   3.926189e-03   4.153409e-02   64440
  4.835874e+00   1.029393e+01   3.906547e-03   4.263403e-02   62668
  4.849538e+00   1.030639e+01   3.941186e-03   4.111698e-02   64696
  4.863356e+00   1.025877e+01   3.937367e-03   4.209419e-02   62820
  4.876903e+00   1.019477e+01   3.924058e-03   4.224948e-02   61920
  4.890519e+00   1.024775e+01   3.892807e-03   4.255935e-02   61532
  4.903985e+00   1.021972e+01   3.879794e-03   4.313045e-02   59952
  4.917706e+00   1.036597e+01   4.001762e-03   4.269700e-02   62460
  4.931448e+00   1.013292e+01   3.882676e-03   4.288629e-02   58644
  4.944703e+00   1.013351e+01   3.891283e-03   4.331768e-02   58188
  4.958407e+00   1.011229e+01   3.945950e-03   4.254599e-02   60044
  4.972127e+00   1.017408e+01   3.952119e-03   4.318935e-02   57780
  4.985746e+00   1.019980e+01   3.974538e-03   4.355451e-02   58380
  4.999353e+00   1.014104e+01   3.828451e-03   4.406814e-02   55508
  5.012797e+00   1.021387e+01   3.995934e-03   4.402663e-02   56964
  5.026563e+00   1.010562e+01   3.869203e-03   4.359591e-02   56148
  5.040180e+00   1.008953e+01   3.936315e-03   4.429047e-02   54468
  5.053627e+00   1.007812e+01   3.966640e-03   4.393195e-02   54540
  5.067356e+00   9.938035e+00   3.927116e-03   4.349994e-02   54512
  5.080932e+00   1.004145e+01   3.890016e-03   4.501647e-02   52488
  5.094532e+00   1.008912e+01   3.948577e-03   4.465117e-02   53400
  5.108248e+00   1.000839e+01   3.977201e-03   4.495087e-02   51972
  5.121705e+00   9.969958e+00   3.889875e-03   4.612009e-02   50924
  5.135379e+00   1.004305e+01   3.876250e-03   4.539883e-02   51120
  5.148878e+00   1.005426e+01   3.938458e-03   4.618864e-02   49116
  5.162337e+00   9.938757e+00   3.939938e-03   4.516150e-02   49920
  5.176058e+00   1.001161e+01   3.882717e-03   4.663968e-02   48692
  5.189489e+00   9.939868e+00   3.893182e-03   4.699701e-02   47532
  5.203137e+00   9.976187e+00   3.925008e-03   4.708491e-02   48312
  5.216836e+00   1.011838e+01   3.962643e-03   4.891362e-02   46704
  5.230366e+00   1.011745e+01   3.892765e-03   4.841976e-02   46328
  5.244111e+00   1.002048e+01   3.900492e-03   4.831334e-02   45804
  5.257589e+00   1.009346e+01   3.934448e-03   4.953953e-02   44220
  5.271112e+00   1.023078e+01   3.881510e-03   5.039840e-02   44304
  5.284818e+00   1.002808e+01   3.985672e-03   4.932607e-02   43820
  5.298445e+00   1.016324e+01   3.950509e-03   4.991006e-02   43236
  5.312248e+00   1.004398e+01   3.928669e-03   5.037070e-02   42420
  5.325688e+00   1.017543e+01   3.958233e-03   5.315585e-02   40544
  5.339290e+00   1.015806e+01   3.935768e-03   5.137047e-02   41928
  5.353228e+00   1.007682e+01   3.931004e-03   5.298042e-02   40200
  5.366626e+00   1.018437e+01   3.930153e-03   5.440925e-02   38640
  5.380163e+00   1.021752e+01   3.875494e-03   5.392397e-02   38712
  5.393787e+00   1.006161e+01   4.017068e-03   5.356016e-02   38036
  5.407342e+00   1.033442e+01   3.854863e-03   5.602956e-02   37212
  5.421204e+00   1.025020e+01   3.998215e-03   5.607442e-02   37212
  5.434437e+00   1.020873e+01   3.855735e-03   5.750315e-02   33936
  5.447987e+00   1.023031e+01   3.905680e-03   5.648080e-02   36404
  5.461917e+00   1.000541e+01   3.920949e-03   5.705782e-02   34080
  5.475391e+00   1.024651e+01   4.034490e-03   5.836339e-02   33996
  5.489087e+00   1.029391e+01   3.805809e-03   5.973557e-02   32472
  5.502507e+00   1.002175e+01   3.947481e-03   5.860782e-02   31628
  5.516181e+00   1.034882e+01   3.996502e-03   6.136263e-02   32472
  5.530078e+00   1.028810e+01   3.904987e-03   6.275864e-02   30348
  5.543315e+00   1.032301e+01   3.907680e-03   6.396334e-02   28988
  5.556948e+00   1.029248e+01   3.919595e-03   6.365837e-02   29880
  5.570778e+00   1.029743e+01   3.955435e-03   6.440056e-02   28356
  5.584275e+00   1.024003e+01   3.902665e-03   6.512657e-02   27396
  5.597858e+00   1.021446e+01   3.876545e-03   6.632985e-02   26544
  5.611370e+00   1.011994e+01   3.970535e-03   6.583051e-02   26204
  5.625030e+00   1.021005e+01   3.807950e-03   6.793186e-02   25140
  5.638649e+00   1.004644e+01   3.963252e-03   6.829795e-02   24372
  5.652089e+00   1.001172e+01   3.969808e-03   6.956582e-02   23520
  5.665729e+00   9.937323e+00   3.895837e-03   6.961253e-02   23072
  5.679307e+00   9.792273e+00   3.798072e-03   7.082065e-02   21672
  5.692886e+00   9.824375e+00   4.020644e-03   7.129534e-02   21651
  5.706508e+00   9.705532e+00   3.952612e-03   7.035703e-02   20538
  5.720047e+00   9.713138e+00   3.818309e-03   7.138720e-02   19856
  5.733890e+00   9.754978e+00   3.981211e-03   7.207748e-02   19926
  5.747594e+00   9.815067e+00   3.944098e-03   7.585164e-02   18498
  5.760935e+00   9.726307e+00   3.914769e-03   7.666937e-02   17854
  5.774519e+00   9.434212e+00   3.923196e-03   7.402363e-02   17770
  5.788396e+00   9.297519e+00   4.034994e-03   7.159598e-02   17628
  5.802026e+00   9.395006e+00   3.889486e-03   7.861421e-02   16104
  5.815233e+00   9.598105e+00   3.882016e-03   8.126284e-02   15660
  5.829022e+00   9.573009e+00   4.074494e-03   7.918294e-02   16400
  5.842875e+00   9.428121e+00   3.802365e-03   7.977357e-02   14868
  5.856390e+00   9.319352e+00   3.969648e-03   7.931972e-02   14616
  5.869791e+00   9.498831e+00   3.943700e-03   8.332575e-02   13932
  5.883556e+00   9.374451e+00   4.062357e-03   8.011296e-02   14486
  5.897349e+00   9.372609e+00   3.662010e-03   8.764768e-02   12864
  5.910717e+00   9.364344e+00   3.994542e-03   8.413315e-02   12900
  5.924175e+00   9.501392e+00   4.028686e-03   8.690850e-02   12562
  5.937964e+00   9.136435e+00   3.894212e-03   8.315930e-02   12460
  5.951790e+00   9.207279e+00   3.764053e-03   8.825719e-02   11646
  5.965277e+00   9.306146e+00   4.028947e-03   8.781997e-02   11352
  5.978564e+00   9.475351e+00   3.931744e-03   9.377354e-02   10758
  5.992150e+00   9.113376e+00   3.833208e-03   9.015304e-02   10898
  6.006104e+00   9.131042e+00   3.829055e-03   9.073236e-02   10500
  6.019849e+00   8.998760e+00   4.032945e-03   8.877985e-02   10050
  6.033042e+00   9.254317e+00   3.834876e-03   9.880816e-02   9174
  6.046398e+00   9.115267e+00   3.815691e-03   9.667198e-02   9476
  6.060298e+00   9.325896e+00   3.832931e-03   1.000056e-01   9186
  6.074000e+00   9.442502e+00   3.978452e-03   1.030985e-01   8694
  6.087138e+00   9.518971e+00   3.802106e-03   1.106270e-01   8010
  6.100712e+00   9.300365e+00   3.918842e-03   1.046906e-01   8486
  6.114616e+00   9.303693e+00   3.743319e-03   1.084551e-01   7740
  6.128192e+00   9.204882e+00   4.122262e-03   1.093043e-01   7650
  6.141369e+00   9.753966e+00   3.837708e-03   1.207453e-01   6918
  6.155106e+00   9.235071e+00   3.973808e-03   1.086078e-01   7490
  6.169365e+00   9.323867e+00   3.841312e-03   1.112937e-01   6846
  6.182899e+00   9.439831e+00   4.097584e-03   1.198820e-01   6366
  6.195855e+00   9.447711e+00   3.985056e-03   1.235350e-01   5978
  6.209624e+00   9.693573e+00   3.973443e-03   1.233795e-01   6438
  6.223953e+00   9.656948e+00   3.713119e-03   1.241865e-01   5856
  6.237588e+00   9.653792e+00   4.056220e-03   1.297029e-01   5478
  6.250458e+00   9.758870e+00   3.970577e-03   1.374306e-01   4974
  6.263859e+00   9.450340e+00   3.893546e-03   1.273515e-01   5330
  6.278158e+00   9.833245e+00   3.800745e-03   1.396670e-01   5070
  6.291981e+00   9.852173e+00   4.021693e-03   1.449186e-01   4650
  6.304934e+00   9.777365e+00   3.921060e-03   1.497641e-01   4206
  6.318419e+00   9.843688e+00   3.913071e-03   1.455871e-01   4502
  6.332575e+00   9.942347e+00   3.748429e-03   1.556597e-01   4122
  6.346081e+00   1.009226e+01   4.082538e-03   1.616120e-01   3846
  6.358970e+00   9.654991e+00   3.827310e-03   1.587577e-01   3522
  6.372735e+00   1.001171e+01   3.830019e-03   1.672745e-01   3806
  6.387400e+00   1.013333e+01   3.938369e-03   1.750149e-01   3582
  6.400807e+00   1.058674e+01   3.966273e-03   2.048795e-01   2916
  6.412918e+00   9.898955e+00   3.719496e-03   1.854508e-01   2846
  6.426957e+00   1.035403e+01   3.704775e-03   1.772533e-01   3210
  6.442023e+00   1.057656e+01   3.823963e-03   1.938968e-01   2934
  6.455358e+00   9.874220e+00   4.132242e-03   2.090187e-01   2286
  6.466712e+00   1.061784e+01   3.564076e-03   2.356822e-01   2186
  6.480937e+00   1.062787e+01   3.548446e-03   2.100401e-01   2670
  6.496618e+00   1.096276e+01   3.626045e-03   2.159229e-01   2418
  6.510243e+00   1.135835e+01   4.163535e-03   2.657377e-01   1734
  6.520389e+00   1.090940e+01   3.380254e-03   2.672299e-01   1598
  6.534825e+00   1.113881e+01   3.392926e-03   2.249478e-01   2178
  6.551129e+00   1.108109e+01   3.264100e-03   2.464372e-01   1944
  6.565475e+00   1.080324e+01   3.951512e-03   3.004362e-01   1326
  6.574347e+00   1.081384e+01   3.483848e-03   3.416612e-01   1098
  6.588627e+00   1.058711e+01   3.114351e-03   2.744760e-01   1670
  6.605318e+00   1.176006e+01   2.966416e-03   2.903721e-01   1506
  6.620914e+00   1.254436e+01   3.705733e-03   3.718102e-01   1134
  6.628491e+00   1.189528e+01   2.990986e-03   5.160870e-01   558
  6.642518e+00   1.173804e+01   3.087466e-03   3.358687e-01   1292
  6.659724e+00   1.312038e+01   2.169084e-03   3.891616e-01   1086
  6.675965e+00   1.195118e+01   2.978593e-03   4.057283e-01   858
  6.681697e+00   1.295868e+01   1.913752e-03   7.991061e-01   246
  6.695739e+00   1.226769e+01   2.219005e-03   3.863470e-01   902
  6.713459e+00   1.309065e+01   1.840625e-03   4.572705e-01   780
  6.730751e+00   1.249878e+01   1.476129e-03   5.093633e-01   606
  6.734883e+00   1.612648e+01   1.019448e-03   1.879510e+00   78
  6.749143e+00   1.258701e+01   1.435913e-03   4.867209e-01   578
  6.766997e+00   1.416147e+01   1.215036e-03   6.022238e-01   486
  6.784822e+00   1.376043e+01   9.199482e-04   6.994821e-01   396
  6.788458e+00   1.497075e+01   1.245875e-07   3.058383e+00   6
  6.802781e+00   1.315174e+01   8.323259e-04   8.983624e-01   326
  6.820711e+00   1.439123e+01   6.700165e-04   9.253640e-01   258
  6.838666e+00   1.339187e+01   5.266681e-04   1.127091e+00   198
  6.856647e+00   1.310420e+01   4.018571e-04   9.862261e-01   146
  6.874651e+00   1.400930e+01   2.949634e-04   1.154322e+00   102
  6.892681e+00   1.076999e+01   2.049921e-04   1.448057e+00   66
  6.910733e+00   1.300569e+01   1.301902e-04   1.714484e+00   38
  6.928809e+00   2.522675e+01   6.714806e-05   3.021289e+00   18
  6.946899e+00   8.684398e-01   0.000000e+00   4.352678e-01   6
