# power spectrum of delta
# redshift z=0.000000
# k              Pk             sigma(k)       sigma(Pk)      count
  3.141593e-02   1.428656e-02   0.000000e+00   5.438210e-03   6
  4.442883e-02   7.164517e-02   0.000000e+00   1.564365e-02   12
  5.802164e-02   9.324780e-02   4.165766e-03   1.707521e-02   14
  7.360057e-02   1.783343e-01   3.352421e-03   2.029765e-02   48
  9.270775e-02   2.156408e-01   2.435008e-03   2.418152e-02   42
  1.017704e-01   2.119502e-01   2.424479e-03   2.867335e-02   48
  1.153929e-01   3.149716e-01   2.906092e-03   3.242446e-02   80
  1.307755e-01   4.487927e-01   2.256064e-03   3.829151e-02   90
  1.425441e-01   4.258975e-01   3.543669e-03   4.256528e-02   120
  1.582527e-01   5.342602e-01   2.464158e-03   4.248688e-02   126
  1.688432e-01   6.443950e-01   3.154548e-03   5.726023e-02   152
  1.836782e-01   7.173663e-01   3.159459e-03   4.933870e-02   186
  1.984188e-01   8.352010e-01   4.320525e-03   4.835236e-02   264
  2.103968e-01   1.000387e+00   2.329274e-03   6.898819e-02   168
  2.256796e-01   1.087715e+00   4.166516e-03   6.032989e-02   386
  2.384685e-01   9.036701e-01   2.522415e-03   6.577879e-02   192
  2.510516e-01   1.365316e+00   4.136055e-03   6.929566e-02   390
  2.651879e-01   1.276343e+00   4.330201e-03   6.663669e-02   396
  2.784685e-01   1.468664e+00   4.297623e-03   7.487686e-02   398
  2.930683e-01   1.543973e+00   4.203503e-03   6.296639e-02   576
  3.074355e-01   1.468752e+00   4.268936e-03   6.983403e-02   444
  3.196306e-01   2.103305e+00   3.633305e-03   8.323393e-02   558
  3.339439e-01   2.012104e+00   4.431845e-03   7.389400e-02   680
  3.482695e-01   2.172300e+00   3.737612e-03   9.284748e-02   654
  3.606702e-01   2.230731e+00   3.098283e-03   8.723036e-02   636
  3.744701e-01   2.530549e+00   4.625996e-03   8.368179e-02   822
  3.874721e-01   2.770539e+00   3.413739e-03   9.550358e-02   800
  4.008383e-01   2.847467e+00   3.425402e-03   1.031543e-01   804
  4.144585e-01   3.287448e+00   4.248130e-03   1.097123e-01   1038
  4.276450e-01   3.192126e+00   3.327722e-03   1.038623e-01   936
  4.419378e-01   3.219813e+00   3.846286e-03   9.472924e-02   1130
  4.548921e-01   3.721039e+00   3.615260e-03   1.112950e-01   1104
  4.691124e-01   3.563206e+00   4.008065e-03   1.028075e-01   1230
  4.821164e-01   4.076536e+00   4.056757e-03   1.077919e-01   1260
  4.953275e-01   4.306470e+00   3.524350e-03   1.247476e-01   1286
  5.102690e-01   4.253682e+00   4.314822e-03   1.029305e-01   1728
  5.244277e-01   4.683962e+00   3.776779e-03   1.244918e-01   1392
  5.378841e-01   4.885711e+00   3.611560e-03   1.197270e-01   1626
  5.516772e-01   4.965796e+00   4.176112e-03   1.197520e-01   1760
  5.655257e-01   5.204915e+00   3.476948e-03   1.287860e-01   1686
  5.785810e-01   5.325219e+00   3.624350e-03   1.237469e-01   1812
  5.917556e-01   5.762933e+00   3.946744e-03   1.371665e-01   1814
  6.054204e-01   6.083744e+00   3.824700e-03   1.249485e-01   2208
  6.193001e-01   6.189441e+00   3.672349e-03   1.477099e-01   1956
  6.331106e-01   6.459088e+00   4.113541e-03   1.322568e-01   2454
  6.464857e-01   6.843845e+00   3.232255e-03   1.463466e-01   2016
  6.600246e-01   6.934985e+00   4.250694e-03   1.391301e-01   2570
  6.734642e-01   7.409366e+00   3.674585e-03   1.501077e-01   2400
  6.869599e-01   7.574838e+00   4.165537e-03   1.586267e-01   2526
  7.003842e-01   7.450777e+00   4.183440e-03   1.395532e-01   2840
  7.144275e-01   8.021364e+00   3.954639e-03   1.470813e-01   2820
  7.283394e-01   8.791492e+00   4.001183e-03   1.620983e-01   2958
  7.415388e-01   9.375815e+00   4.046069e-03   1.725505e-01   2976
  7.554540e-01   9.415785e+00   4.042208e-03   1.650911e-01   3186
  7.684962e-01   9.560162e+00   3.846112e-03   1.695811e-01   3128
  7.826392e-01   9.925586e+00   4.125155e-03   1.717249e-01   3606
  7.961215e-01   1.032425e+01   3.786344e-03   1.698426e-01   3276
  8.090174e-01   1.010563e+01   3.971636e-03   1.668360e-01   3480
  8.225598e-01   1.086948e+01   3.784476e-03   1.773131e-01   3758
  8.357786e-01   1.154753e+01   3.799764e-03   1.907994e-01   3744
  8.498520e-01   1.158951e+01   3.854902e-03   1.857296e-01   4170
  8.633049e-01   1.201041e+01   3.798313e-03   1.969031e-01   3984
  8.770071e-01   1.229156e+01   3.926232e-03   1.875082e-01   4334
  8.905275e-01   1.302921e+01   3.529674e-03   1.934254e-01   4284
  9.038804e-01   1.363662e+01   3.916433e-03   2.037670e-01   4374
  9.178385e-01   1.360551e+01   4.059177e-03   1.926703e-01   5016
  9.315884e-01   1.341787e+01   3.852497e-03   2.016532e-01   4580
  9.452952e-01   1.455885e+01   3.966708e-03   2.027866e-01   5142
  9.592763e-01   1.493032e+01   3.910943e-03   2.095011e-01   5184
  9.729633e-01   1.515451e+01   3.939164e-03   2.205475e-01   5058
  9.861190e-01   1.524795e+01   3.769886e-03   2.081258e-01   5384
  1.000186e+00   1.565957e+01   4.035866e-03   2.092150e-01   5622
  1.013753e+00   1.562586e+01   3.904870e-03   2.094569e-01   5736
  1.027283e+00   1.676861e+01   3.647351e-03   2.204539e-01   5612
  1.040858e+00   1.704030e+01   3.845168e-03   2.241693e-01   6054
  1.054301e+00   1.700552e+01   3.830035e-03   2.235380e-01   6096
  1.068351e+00   1.694729e+01   4.010733e-03   2.061308e-01   6474
  1.081347e+00   1.859562e+01   3.667309e-03   2.388820e-01   6024
  1.095246e+00   1.809383e+01   4.065639e-03   2.135484e-01   7070
  1.109016e+00   1.898369e+01   3.717857e-03   2.328661e-01   6516
  1.122225e+00   1.910940e+01   4.039916e-03   2.229171e-01   6936
  1.135977e+00   1.950533e+01   3.839772e-03   2.322374e-01   7070
  1.149314e+00   2.041481e+01   4.091678e-03   2.377184e-01   7284
  1.163464e+00   2.076251e+01   4.073978e-03   2.285220e-01   7878
  1.177130e+00   2.107080e+01   3.909712e-03   2.437269e-01   7344
  1.190321e+00   2.117580e+01   4.084811e-03   2.413447e-01   7646
  1.204111e+00   2.189883e+01   4.038054e-03   2.362925e-01   8460
  1.217997e+00   2.191382e+01   3.926378e-03   2.500427e-01   7920
  1.231156e+00   2.236439e+01   3.721931e-03   2.475876e-01   8118
  1.244553e+00   2.316866e+01   4.024635e-03   2.478115e-01   8548
  1.258178e+00   2.331537e+01   3.921185e-03   2.520207e-01   8710
  1.271691e+00   2.392849e+01   3.764707e-03   2.585916e-01   8928
  1.285561e+00   2.439484e+01   4.047597e-03   2.617638e-01   9186
  1.298846e+00   2.471262e+01   3.750366e-03   2.654529e-01   9168
  1.312565e+00   2.439627e+01   3.864081e-03   2.503451e-01   9470
  1.325964e+00   2.495644e+01   3.802716e-03   2.586716e-01   9564
  1.339705e+00   2.488385e+01   3.996268e-03   2.501745e-01   10296
  1.353676e+00   2.581333e+01   3.842834e-03   2.542718e-01   9974
  1.366862e+00   2.590097e+01   3.854101e-03   2.573909e-01   10176
  1.380980e+00   2.644648e+01   4.068810e-03   2.546518e-01   11082
  1.394750e+00   2.620087e+01   3.959255e-03   2.615663e-01   10632
  1.408193e+00   2.783655e+01   3.889692e-03   2.723754e-01   10718
  1.421788e+00   2.696833e+01   3.905400e-03   2.530634e-01   11292
  1.435384e+00   2.738308e+01   3.993093e-03   2.602983e-01   11352
  1.449104e+00   2.791204e+01   3.785706e-03   2.604979e-01   11550
  1.462441e+00   2.863806e+01   3.952267e-03   2.660482e-01   11564
  1.476107e+00   2.892632e+01   3.952073e-03   2.706785e-01   12246
  1.489723e+00   3.011321e+01   3.772425e-03   2.813091e-01   12096
  1.503400e+00   2.919832e+01   4.087643e-03   2.587340e-01   12582
  1.516919e+00   2.955002e+01   3.787547e-03   2.677495e-01   12612
  1.530766e+00   3.001027e+01   4.098583e-03   2.693732e-01   13328
  1.544314e+00   3.094792e+01   3.674401e-03   2.816117e-01   12654
  1.557593e+00   3.031388e+01   3.885118e-03   2.669412e-01   13236
  1.571003e+00   3.058000e+01   3.956485e-03   2.658327e-01   13270
  1.584639e+00   3.126769e+01   4.050033e-03   2.627456e-01   14512
  1.598830e+00   3.167595e+01   4.069077e-03   2.685531e-01   14226
  1.612168e+00   3.211724e+01   3.908672e-03   2.700950e-01   14088
  1.625624e+00   3.178457e+01   3.879336e-03   2.607816e-01   14208
  1.639178e+00   3.203485e+01   4.071732e-03   2.621044e-01   15074
  1.652966e+00   3.276735e+01   4.075022e-03   2.657265e-01   15480
  1.666752e+00   3.271251e+01   3.843772e-03   2.728554e-01   14862
  1.679789e+00   3.255644e+01   3.927431e-03   2.649575e-01   15232
  1.693506e+00   3.274714e+01   3.931524e-03   2.589033e-01   16018
  1.706973e+00   3.337823e+01   3.816759e-03   2.629055e-01   15720
  1.720412e+00   3.355236e+01   3.911029e-03   2.619796e-01   16296
  1.734261e+00   3.409311e+01   3.879045e-03   2.606004e-01   17010
  1.747710e+00   3.414801e+01   3.776189e-03   2.688974e-01   16328
  1.761238e+00   3.404433e+01   3.711062e-03   2.610800e-01   17094
  1.774811e+00   3.454962e+01   3.924532e-03   2.628876e-01   17436
  1.788534e+00   3.489843e+01   3.989493e-03   2.657689e-01   17862
  1.802314e+00   3.523888e+01   3.866890e-03   2.604664e-01   18200
  1.816191e+00   3.425639e+01   4.099167e-03   2.536682e-01   18450
  1.829771e+00   3.558675e+01   3.838324e-03   2.661894e-01   18384
  1.843323e+00   3.506536e+01   3.923486e-03   2.588754e-01   18504
  1.856855e+00   3.629418e+01   3.885045e-03   2.603490e-01   19142
  1.870661e+00   3.594727e+01   3.895698e-03   2.602603e-01   19692
  1.884317e+00   3.611353e+01   3.914843e-03   2.658607e-01   19062
  1.897677e+00   3.671483e+01   3.958747e-03   2.623863e-01   20184
  1.911496e+00   3.701710e+01   3.897574e-03   2.716511e-01   19970
  1.924963e+00   3.661466e+01   3.909731e-03   2.591818e-01   20496
  1.938839e+00   3.657764e+01   4.023732e-03   2.508536e-01   21456
  1.952332e+00   3.655991e+01   3.635348e-03   2.598564e-01   19650
  1.965583e+00   3.732939e+01   4.039758e-03   2.514408e-01   22040
  1.979557e+00   3.707272e+01   3.828807e-03   2.548569e-01   21558
  1.993024e+00   3.692930e+01   3.951337e-03   2.533421e-01   21804
  2.006530e+00   3.785389e+01   3.912103e-03   2.579325e-01   21846
  2.020013e+00   3.766413e+01   3.927065e-03   2.514108e-01   22496
  2.033563e+00   3.719183e+01   3.987707e-03   2.446892e-01   22776
  2.047479e+00   3.820235e+01   3.994392e-03   2.512058e-01   23874
  2.061145e+00   3.796930e+01   4.027768e-03   2.511943e-01   23120
  2.074737e+00   3.865823e+01   3.956099e-03   2.509820e-01   23958
  2.088373e+00   3.798691e+01   3.906756e-03   2.452819e-01   23892
  2.101727e+00   3.824431e+01   3.924859e-03   2.495129e-01   23550
  2.115216e+00   3.886510e+01   3.968932e-03   2.463278e-01   25296
  2.128915e+00   3.866226e+01   3.924347e-03   2.493224e-01   24452
  2.142311e+00   3.804623e+01   3.835662e-03   2.425555e-01   25254
  2.156023e+00   3.807040e+01   3.969357e-03   2.379339e-01   26016
  2.169543e+00   3.866886e+01   3.782439e-03   2.446488e-01   25182
  2.183190e+00   3.880426e+01   3.967911e-03   2.322510e-01   27428
  2.197036e+00   3.847189e+01   3.811822e-03   2.362416e-01   25974
  2.210356e+00   3.847295e+01   3.861453e-03   2.371931e-01   26904
  2.223881e+00   3.902685e+01   3.824751e-03   2.399357e-01   26730
  2.237420e+00   3.939069e+01   3.914440e-03   2.400931e-01   27896
  2.251310e+00   3.920350e+01   4.054409e-03   2.321201e-01   28992
  2.265347e+00   4.016181e+01   3.954062e-03   2.411109e-01   28698
  2.278737e+00   3.900542e+01   3.843600e-03   2.325606e-01   27776
  2.292429e+00   3.992462e+01   3.995766e-03   2.357631e-01   29814
  2.306139e+00   3.950133e+01   3.915312e-03   2.324275e-01   29148
  2.319524e+00   3.921316e+01   3.875582e-03   2.312006e-01   28806
  2.333025e+00   3.936603e+01   3.958903e-03   2.267447e-01   30408
  2.346651e+00   3.928167e+01   3.963675e-03   2.275473e-01   30320
  2.360383e+00   3.959740e+01   3.835440e-03   2.276804e-01   30930
  2.374113e+00   3.963823e+01   4.052392e-03   2.209762e-01   31656
  2.387552e+00   3.872168e+01   3.767771e-03   2.255303e-01   30038
  2.401049e+00   3.931856e+01   3.994026e-03   2.182982e-01   32772
  2.414634e+00   3.966514e+01   3.846851e-03   2.280929e-01   30846
  2.428124e+00   3.937427e+01   4.001639e-03   2.191447e-01   33480
  2.441934e+00   3.948858e+01   4.002753e-03   2.206154e-01   32804
  2.455419e+00   3.952177e+01   3.837070e-03   2.197304e-01   32814
  2.469066e+00   3.919163e+01   3.979794e-03   2.125916e-01   34200
  2.482757e+00   3.969957e+01   3.961173e-03   2.183440e-01   33594
  2.496189e+00   3.945902e+01   3.958120e-03   2.155642e-01   34336
  2.509895e+00   3.913706e+01   4.021608e-03   2.139755e-01   34822
  2.523498e+00   3.899095e+01   3.984730e-03   2.074294e-01   35472
  2.537012e+00   3.910915e+01   3.829489e-03   2.134672e-01   34404
  2.550515e+00   3.973083e+01   3.989015e-03   2.103393e-01   36254
  2.564036e+00   3.909598e+01   3.909325e-03   2.070921e-01   35952
  2.577685e+00   3.923454e+01   3.865425e-03   2.053607e-01   36570
  2.591221e+00   3.910936e+01   3.945868e-03   2.057780e-01   37176
  2.604897e+00   3.935157e+01   3.868066e-03   2.065299e-01   37374
  2.618539e+00   3.898113e+01   3.900492e-03   2.031901e-01   38084
  2.632053e+00   3.888643e+01   3.851721e-03   2.020781e-01   37590
  2.645768e+00   3.931461e+01   3.924351e-03   2.006762e-01   39480
  2.659318e+00   3.898479e+01   3.881595e-03   1.997985e-01   38228
  2.672896e+00   3.890231e+01   3.832629e-03   1.979645e-01   39678
  2.686732e+00   3.835421e+01   4.013848e-03   1.932037e-01   40944
  2.700458e+00   3.887189e+01   3.906598e-03   2.003189e-01   39678
  2.713942e+00   3.798987e+01   3.899880e-03   1.936420e-01   40652
  2.727541e+00   3.924345e+01   3.970706e-03   1.966182e-01   40758
  2.741211e+00   3.906354e+01   3.946723e-03   1.911518e-01   42216
  2.754895e+00   3.811262e+01   3.941899e-03   1.888355e-01   41532
  2.768446e+00   3.860357e+01   3.908674e-03   1.870003e-01   42134
  2.781915e+00   3.853622e+01   3.852299e-03   1.873992e-01   42216
  2.795593e+00   3.816047e+01   3.995670e-03   1.845170e-01   43530
  2.809225e+00   3.808495e+01   3.940296e-03   1.833156e-01   43848
  2.822801e+00   3.837949e+01   3.861058e-03   1.874887e-01   42854
  2.836455e+00   3.813006e+01   4.071603e-03   1.785891e-01   46176
  2.850131e+00   3.843593e+01   3.770192e-03   1.853100e-01   43380
  2.863598e+00   3.793028e+01   3.917386e-03   1.804998e-01   45294
  2.877132e+00   3.787335e+01   3.960175e-03   1.778219e-01   45744
  2.890932e+00   3.771514e+01   3.942487e-03   1.765888e-01   46682
  2.904469e+00   3.744293e+01   3.914379e-03   1.773795e-01   45840
  2.918029e+00   3.755565e+01   3.983754e-03   1.742684e-01   47118
  2.931574e+00   3.725909e+01   3.902550e-03   1.731771e-01   46916
  2.945138e+00   3.752578e+01   4.001451e-03   1.732944e-01   48192
  2.959047e+00   3.772963e+01   3.978965e-03   1.714689e-01   49566
  2.972418e+00   3.680736e+01   3.826645e-03   1.747589e-01   46284
  2.985778e+00   3.749943e+01   3.941096e-03   1.715866e-01   49486
  2.999427e+00   3.717773e+01   3.935566e-03   1.672845e-01   49840
  3.013055e+00   3.718003e+01   3.926843e-03   1.673917e-01   49806
  3.026747e+00   3.702500e+01   3.938750e-03   1.654870e-01   51492
  3.040282e+00   3.693445e+01   3.850917e-03   1.708236e-01   49488
  3.053928e+00   3.674394e+01   3.960828e-03   1.627617e-01   53198
  3.067660e+00   3.638892e+01   3.817999e-03   1.626198e-01   51060
  3.081158e+00   3.656170e+01   3.894577e-03   1.641256e-01   52134
  3.094688e+00   3.653753e+01   3.888791e-03   1.604004e-01   52864
  3.108319e+00   3.598649e+01   3.904203e-03   1.585564e-01   52930
  3.121955e+00   3.616982e+01   3.954567e-03   1.576016e-01   54936
  3.135758e+00   3.597973e+01   3.897590e-03   1.580284e-01   53886
  3.149230e+00   3.592879e+01   3.937544e-03   1.563491e-01   54268
  3.162743e+00   3.586409e+01   3.939575e-03   1.544765e-01   55264
  3.176547e+00   3.592820e+01   3.942980e-03   1.516993e-01   56358
  3.190083e+00   3.543836e+01   3.916767e-03   1.520636e-01   55632
  3.203717e+00   3.585692e+01   3.912176e-03   1.517082e-01   56514
  3.217266e+00   3.558789e+01   3.982076e-03   1.506903e-01   57248
  3.230810e+00   3.549491e+01   3.904678e-03   1.524408e-01   56766
  3.244673e+00   3.549402e+01   4.094868e-03   1.481136e-01   60804
  3.258170e+00   3.527010e+01   3.776079e-03   1.513858e-01   55416
  3.271753e+00   3.505333e+01   3.996388e-03   1.438632e-01   61286
  3.285338e+00   3.502730e+01   3.833338e-03   1.488822e-01   57396
  3.298806e+00   3.474195e+01   3.991398e-03   1.436409e-01   60870
  3.312472e+00   3.529398e+01   3.883682e-03   1.456215e-01   60248
  3.326075e+00   3.500327e+01   3.982993e-03   1.437592e-01   60978
  3.339697e+00   3.467114e+01   3.918479e-03   1.406781e-01   62016
  3.353256e+00   3.478810e+01   3.912234e-03   1.432464e-01   60768
  3.366742e+00   3.427566e+01   3.948483e-03   1.380619e-01   62806
  3.380458e+00   3.441811e+01   3.971518e-03   1.387711e-01   63868
  3.394173e+00   3.404207e+01   3.950242e-03   1.381762e-01   63054
  3.407522e+00   3.413204e+01   3.889075e-03   1.379243e-01   63024
  3.421149e+00   3.406587e+01   4.000464e-03   1.361063e-01   64882
  3.434670e+00   3.395483e+01   3.899766e-03   1.349724e-01   64744
  3.448305e+00   3.374793e+01   3.892570e-03   1.357252e-01   65688
  3.461951e+00   3.406383e+01   3.915056e-03   1.357628e-01   65994
  3.475449e+00   3.364415e+01   3.920197e-03   1.323290e-01   66648
  3.489190e+00   3.359565e+01   3.861504e-03   1.315978e-01   67310
  3.502679e+00   3.361693e+01   3.876178e-03   1.311222e-01   67224
  3.516300e+00   3.391816e+01   3.864568e-03   1.312482e-01   68034
  3.529960e+00   3.383906e+01   3.966927e-03   1.312276e-01   69744
  3.543594e+00   3.340154e+01   3.885699e-03   1.299366e-01   68654
  3.557414e+00   3.351954e+01   3.971071e-03   1.269883e-01   72132
  3.571044e+00   3.343747e+01   3.879008e-03   1.290943e-01   68520
  3.584509e+00   3.294375e+01   3.898516e-03   1.255819e-01   71070
  3.598179e+00   3.337342e+01   3.958888e-03   1.271205e-01   71948
  3.611821e+00   3.328619e+01   3.929676e-03   1.271039e-01   71598
  3.625467e+00   3.287112e+01   3.942460e-03   1.240179e-01   73536
  3.639107e+00   3.291081e+01   3.937889e-03   1.250188e-01   71802
  3.652514e+00   3.287451e+01   3.891299e-03   1.240123e-01   73280
  3.666109e+00   3.298495e+01   3.935353e-03   1.237787e-01   73992
  3.679845e+00   3.273530e+01   4.017255e-03   1.216389e-01   75966
  3.693428e+00   3.249506e+01   3.879294e-03   1.227807e-01   74364
  3.707067e+00   3.303102e+01   3.965648e-03   1.224465e-01   76094
  3.720600e+00   3.268888e+01   3.905935e-03   1.205081e-01   76224
  3.734235e+00   3.249320e+01   3.912190e-03   1.211800e-01   76242
  3.747669e+00   3.253747e+01   3.927725e-03   1.211261e-01   76960
  3.761291e+00   3.226132e+01   3.936642e-03   1.178033e-01   78664
  3.775137e+00   3.246637e+01   3.964378e-03   1.181693e-01   79962
  3.788660e+00   3.233912e+01   3.891324e-03   1.202014e-01   77760
  3.802214e+00   3.249301e+01   3.906151e-03   1.207368e-01   79590
  3.815784e+00   3.258671e+01   3.980873e-03   1.191829e-01   80732
  3.829489e+00   3.214513e+01   3.955057e-03   1.170487e-01   81174
  3.843061e+00   3.249192e+01   3.897815e-03   1.197522e-01   80832
  3.856429e+00   3.251193e+01   3.890120e-03   1.190022e-01   80040
  3.870041e+00   3.273520e+01   3.937062e-03   1.175803e-01   84266
  3.883800e+00   3.249470e+01   3.965191e-03   1.178110e-01   83592
  3.897465e+00   3.285178e+01   3.910254e-03   1.196650e-01   83838
  3.910997e+00   3.251900e+01   3.872159e-03   1.177781e-01   83676
  3.924583e+00   3.249515e+01   3.944483e-03   1.184506e-01   84950
  3.938101e+00   3.257523e+01   3.827494e-03   1.178627e-01   84912
  3.951789e+00   3.257475e+01   3.995013e-03   1.155425e-01   87162
  3.965420e+00   3.273487e+01   3.878666e-03   1.174156e-01   86440
  3.978946e+00   3.285177e+01   3.856469e-03   1.184032e-01   86560
  3.992604e+00   3.305005e+01   3.947133e-03   1.182541e-01   88698
  4.006224e+00   3.267315e+01   3.908165e-03   1.161162e-01   88920
  4.019914e+00   3.261581e+01   3.907564e-03   1.179290e-01   88323
  4.033463e+00   3.280975e+01   3.941385e-03   1.177581e-01   89360
  4.047191e+00   3.249640e+01   3.920678e-03   1.175074e-01   89040
  4.060772e+00   3.252976e+01   3.965659e-03   1.176145e-01   87684
  4.074289e+00   3.191393e+01   3.941664e-03   1.149942e-01   87900
  4.087951e+00   3.216831e+01   3.932995e-03   1.171107e-01   87884
  4.101525e+00   3.188589e+01   3.936703e-03   1.150001e-01   86844
  4.115106e+00   3.184939e+01   3.939490e-03   1.144345e-01   87216
  4.128692e+00   3.164041e+01   3.930534e-03   1.154210e-01   85952
  4.142291e+00   3.103124e+01   3.981611e-03   1.114940e-01   87264
  4.156016e+00   3.109299e+01   3.930927e-03   1.122689e-01   86316
  4.169516e+00   3.120303e+01   3.887819e-03   1.140133e-01   83976
  4.183033e+00   3.096249e+01   3.957351e-03   1.115533e-01   85928
  4.196752e+00   3.083249e+01   3.971860e-03   1.134955e-01   85608
  4.210347e+00   3.065432e+01   3.902488e-03   1.137401e-01   83964
  4.223963e+00   3.047222e+01   3.940777e-03   1.109005e-01   84708
  4.237476e+00   3.032416e+01   3.905502e-03   1.123509e-01   82260
  4.250988e+00   3.003311e+01   3.945996e-03   1.094903e-01   84296
  4.264733e+00   2.965880e+01   3.941065e-03   1.089220e-01   83460
  4.278231e+00   2.993627e+01   3.898421e-03   1.116276e-01   81444
  4.291717e+00   2.969586e+01   3.905830e-03   1.107073e-01   82144
  4.305327e+00   2.931156e+01   3.952156e-03   1.097636e-01   82180
  4.318919e+00   2.924659e+01   3.889070e-03   1.084868e-01   81420
  4.332623e+00   2.880944e+01   3.967259e-03   1.060684e-01   82104
  4.346159e+00   2.907567e+01   3.882328e-03   1.088067e-01   79620
  4.359759e+00   2.887459e+01   3.897281e-03   1.061384e-01   81236
  4.373418e+00   2.847062e+01   3.880312e-03   1.071318e-01   79608
  4.387029e+00   2.857024e+01   3.933006e-03   1.060976e-01   80268
  4.400643e+00   2.841617e+01   3.850171e-03   1.062868e-01   78412
  4.414192e+00   2.830540e+01   3.922071e-03   1.057101e-01   78952
  4.427933e+00   2.793975e+01   3.938715e-03   1.048740e-01   79656
  4.441606e+00   2.794407e+01   3.881671e-03   1.064297e-01   77184
  4.455081e+00   2.775079e+01   3.897139e-03   1.057151e-01   76944
  4.468742e+00   2.769000e+01   3.934255e-03   1.050525e-01   77984
  4.482318e+00   2.752296e+01   3.887487e-03   1.056441e-01   75336
  4.495891e+00   2.763160e+01   3.967951e-03   1.043028e-01   77280
  4.509585e+00   2.724350e+01   3.911883e-03   1.041822e-01   75120
  4.523186e+00   2.708678e+01   4.006918e-03   1.028569e-01   76364
  4.536881e+00   2.713350e+01   3.870669e-03   1.040532e-01   74244
  4.550448e+00   2.695902e+01   4.007133e-03   1.030339e-01   74400
  4.563952e+00   2.677891e+01   3.919594e-03   1.046682e-01   73388
  4.577709e+00   2.667244e+01   3.981865e-03   1.038490e-01   74964
  4.591267e+00   2.640703e+01   3.838052e-03   1.047209e-01   71100
  4.604865e+00   2.626844e+01   3.984832e-03   1.023913e-01   74100
  4.618437e+00   2.617073e+01   3.839966e-03   1.043242e-01   70068
  4.631915e+00   2.630515e+01   3.927566e-03   1.027830e-01   72296
  4.645712e+00   2.560124e+01   3.920569e-03   1.004242e-01   71724
  4.659287e+00   2.577553e+01   3.930407e-03   1.018763e-01   69852
  4.672792e+00   2.543169e+01   3.886828e-03   1.003621e-01   69732
  4.686387e+00   2.574231e+01   3.918196e-03   1.015828e-01   69512
  4.699982e+00   2.546501e+01   3.922067e-03   1.018701e-01   69252
  4.713606e+00   2.529192e+01   3.871092e-03   1.012669e-01   68064
  4.727139e+00   2.530964e+01   3.988880e-03   1.020774e-01   67944
  4.740774e+00   2.532288e+01   3.945867e-03   1.008491e-01   68204
  4.754479e+00   2.500715e+01   3.902220e-03   1.010613e-01   66684
  4.767989e+00   2.498180e+01   3.962347e-03   1.018518e-01   66264
  4.781640e+00   2.453182e+01   3.928075e-03   9.880346e-02   66368
  4.795269e+00   2.465271e+01   3.954395e-03   1.009860e-01   65100
  4.808774e+00   2.479442e+01   3.896555e-03   1.010590e-01   64644
  4.822442e+00   2.457644e+01   3.926189e-03   1.012040e-01   64440
  4.835874e+00   2.424995e+01   3.906547e-03   1.007770e-01   62668
  4.849538e+00   2.418032e+01   3.941186e-03   9.893005e-02   64696
  4.863356e+00   2.430415e+01   3.937367e-03   1.010240e-01   62820
  4.876903e+00   2.406640e+01   3.924058e-03   1.005273e-01   61920
  4.890519e+00   2.393107e+01   3.892807e-03   9.976911e-02   61532
  4.903985e+00   2.382931e+01   3.879794e-03   1.016662e-01   59952
  4.917706e+00   2.382583e+01   4.001762e-03   9.876425e-02   62460
  4.931448e+00   2.387080e+01   3.882676e-03   1.022663e-01   58644
  4.944703e+00   2.378193e+01   3.891283e-03   1.021129e-01   58188
  4.958407e+00   2.356807e+01   3.945950e-03   1.008523e-01   60044
  4.972127e+00   2.337177e+01   3.952119e-03   1.014714e-01   57780
  4.985746e+00   2.337738e+01   3.974538e-03   1.007653e-01   58380
  4.999353e+00   2.340320e+01   3.828451e-03   1.034173e-01   55508
  5.012797e+00   2.310220e+01   3.995934e-03   1.007121e-01   56964
  5.026563e+00   2.300051e+01   3.869203e-03   1.004811e-01   56148
  5.040180e+00   2.307547e+01   3.936315e-03   1.032906e-01   54468
  5.053627e+00   2.278444e+01   3.966640e-03   1.002878e-01   54540
  5.067356e+00   2.299628e+01   3.927116e-03   1.024447e-01   54512
  5.080932e+00   2.255287e+01   3.890016e-03   1.020824e-01   52488
  5.094532e+00   2.293367e+01   3.948577e-03   1.040134e-01   53400
  5.108248e+00   2.285323e+01   3.977201e-03   1.035720e-01   51972
  5.121705e+00   2.253686e+01   3.889875e-03   1.029827e-01   50924
  5.135379e+00   2.253247e+01   3.876250e-03   1.039866e-01   51120
  5.148878e+00   2.244517e+01   3.938458e-03   1.041315e-01   49116
  5.162337e+00   2.259109e+01   3.939938e-03   1.055179e-01   49920
  5.176058e+00   2.245183e+01   3.882717e-03   1.041880e-01   48692
  5.189489e+00   2.242153e+01   3.893182e-03   1.065151e-01   47532
  5.203137e+00   2.243526e+01   3.925008e-03   1.061004e-01   48312
  5.216836e+00   2.236689e+01   3.962643e-03   1.080027e-01   46704
  5.230366e+00   2.217501e+01   3.892765e-03   1.074365e-01   46328
  5.244111e+00   2.195400e+01   3.900492e-03   1.061883e-01   45804
  5.257589e+00   2.231903e+01   3.934448e-03   1.116706e-01   44220
  5.271112e+00   2.224048e+01   3.881510e-03   1.105702e-01   44304
  5.284818e+00   2.202487e+01   3.985672e-03   1.089280e-01   43820
  5.298445e+00   2.221881e+01   3.950509e-03   1.123635e-01   43236
  5.312248e+00   2.235257e+01   3.928669e-03   1.143751e-01   42420
  5.325688e+00   2.200001e+01   3.958233e-03   1.134477e-01   40544
  5.339290e+00   2.220064e+01   3.935768e-03   1.135068e-01   41928
  5.353228e+00   2.179040e+01   3.931004e-03   1.142830e-01   40200
  5.366626e+00   2.179167e+01   3.930153e-03   1.175471e-01   38640
  5.380163e+00   2.217937e+01   3.875494e-03   1.190365e-01   38712
  5.393787e+00   2.189122e+01   4.017068e-03   1.206885e-01   38036
  5.407342e+00   2.209211e+01   3.854863e-03   1.221669e-01   37212
  5.421204e+00   2.193115e+01   3.998215e-03   1.203216e-01   37212
  5.434437e+00   2.188043e+01   3.855735e-03   1.247081e-01   33936
  5.447987e+00   2.200436e+01   3.905680e-03   1.219576e-01   36404
  5.461917e+00   2.170050e+01   3.920949e-03   1.272267e-01   34080
  5.475391e+00   2.170497e+01   4.034490e-03   1.237152e-01   33996
  5.489087e+00   2.178589e+01   3.805809e-03   1.277344e-01   32472
  5.502507e+00   2.124325e+01   3.947481e-03   1.285929e-01   31628
  5.516181e+00   2.177796e+01   3.996502e-03   1.311573e-01   32472
  5.530078e+00   2.162735e+01   3.904987e-03   1.323505e-01   30348
  5.543315e+00   2.155073e+01   3.907680e-03   1.381303e-01   28988
  5.556948e+00   2.142111e+01   3.919595e-03   1.323319e-01   29880
  5.570778e+00   2.104334e+01   3.955435e-03   1.330228e-01   28356
  5.584275e+00   2.113546e+01   3.902665e-03   1.357255e-01   27396
  5.597858e+00   2.127696e+01   3.876545e-03   1.402913e-01   26544
  5.611370e+00   2.059852e+01   3.970535e-03   1.363203e-01   26204
  5.625030e+00   2.081642e+01   3.807950e-03   1.425812e-01   25140
  5.638649e+00   2.110618e+01   3.963252e-03   1.442162e-01   24372
  5.652089e+00   2.069758e+01   3.969808e-03   1.441753e-01   23520
  5.665729e+00   2.062480e+01   3.895837e-03   1.457995e-01   23072
  5.679307e+00   1.994211e+01   3.798072e-03   1.446698e-01   21672
  5.692886e+00   2.018455e+01   4.020644e-03   1.451744e-01   21651
  5.706508e+00   2.001279e+01   3.952612e-03   1.489385e-01   20538
  5.720047e+00   1.939164e+01   3.818309e-03   1.486580e-01   19856
  5.733890e+00   1.944541e+01   3.981211e-03   1.459896e-01   19926
  5.747594e+00   1.984516e+01   3.944098e-03   1.553171e-01   18498
  5.760935e+00   1.968274e+01   3.914769e-03   1.542280e-01   17854
  5.774519e+00   1.938130e+01   3.923196e-03   1.510112e-01   17770
  5.788396e+00   1.915146e+01   4.034994e-03   1.502677e-01   17628
  5.802026e+00   1.894562e+01   3.889486e-03   1.598682e-01   16104
  5.815233e+00   1.880023e+01   3.882016e-03   1.572462e-01   15660
  5.829022e+00   1.879381e+01   4.074494e-03   1.572734e-01   16400
  5.842875e+00   1.912055e+01   3.802365e-03   1.672035e-01   14868
  5.856390e+00   1.905091e+01   3.969648e-03   1.652984e-01   14616
  5.869791e+00   1.862855e+01   3.943700e-03   1.654576e-01   13932
  5.883556e+00   1.839681e+01   4.062357e-03   1.566508e-01   14486
  5.897349e+00   1.814697e+01   3.662010e-03   1.660756e-01   12864
  5.910717e+00   1.857350e+01   3.994542e-03   1.702673e-01   12900
  5.924175e+00   1.834788e+01   4.028686e-03   1.726549e-01   12562
  5.937964e+00   1.834715e+01   3.894212e-03   1.717399e-01   12460
  5.951790e+00   1.848848e+01   3.764053e-03   1.761924e-01   11646
  5.965277e+00   1.840445e+01   4.028947e-03   1.753078e-01   11352
  5.978564e+00   1.826026e+01   3.931744e-03   1.797988e-01   10758
  5.992150e+00   1.810640e+01   3.833208e-03   1.785132e-01   10898
  6.006104e+00   1.801505e+01   3.829055e-03   1.812553e-01   10500
  6.019849e+00   1.795763e+01   4.032945e-03   1.800086e-01   10050
  6.033042e+00   1.801622e+01   3.834876e-03   1.911975e-01   9174
  6.046398e+00   1.803263e+01   3.815691e-03   1.928894e-01   9476
  6.060298e+00   1.837003e+01   3.832931e-03   2.002731e-01   9186
  6.074000e+00   1.837046e+01   3.978452e-03   2.058822e-01   8694
  6.087138e+00   1.818567e+01   3.802106e-03   2.150447e-01   8010
  6.100712e+00   1.772706e+01   3.918842e-03   1.969677e-01   8486
  6.114616e+00   1.815054e+01   3.743319e-03   2.097774e-01   7740
  6.128192e+00   1.837666e+01   4.122262e-03   2.183410e-01   7650
  6.141369e+00   1.821956e+01   3.837708e-03   2.256180e-01   6918
  6.155106e+00   1.774624e+01   3.973808e-03   2.106625e-01   7490
  6.169365e+00   1.880186e+01   3.841312e-03   2.323093e-01   6846
  6.182899e+00   1.822131e+01   4.097584e-03   2.296535e-01   6366
  6.195855e+00   1.852697e+01   3.985056e-03   2.453745e-01   5978
  6.209624e+00   1.812982e+01   3.973443e-03   2.282964e-01   6438
  6.223953e+00   1.801484e+01   3.713119e-03   2.422898e-01   5856
  6.237588e+00   1.841677e+01   4.056220e-03   2.520306e-01   5478
  6.250458e+00   1.839980e+01   3.970577e-03   2.658716e-01   4974
  6.263859e+00   1.823454e+01   3.893546e-03   2.528862e-01   5330
  6.278158e+00   1.829409e+01   3.800745e-03   2.559712e-01   5070
  6.291981e+00   1.836720e+01   4.021693e-03   2.673555e-01   4650
  6.304934e+00   1.936126e+01   3.921060e-03   3.015324e-01   4206
  6.318419e+00   1.849399e+01   3.913071e-03   2.761776e-01   4502
  6.332575e+00   1.768961e+01   3.748429e-03   2.728076e-01   4122
  6.346081e+00   1.898605e+01   4.082538e-03   3.147920e-01   3846
  6.358970e+00   1.825136e+01   3.827310e-03   3.185197e-01   3522
  6.372735e+00   1.796664e+01   3.830019e-03   2.908987e-01   3806
  6.387400e+00   1.811191e+01   3.938369e-03   3.041577e-01   3582
  6.400807e+00   1.843229e+01   3.966273e-03   3.353965e-01   2916
  6.412918e+00   1.985925e+01   3.719496e-03   3.716449e-01   2846
  6.426957e+00   1.825759e+01   3.704775e-03   3.216973e-01   3210
  6.442023e+00   1.986045e+01   3.823963e-03   3.762469e-01   2934
  6.455358e+00   1.852918e+01   4.132242e-03   4.012014e-01   2286
  6.466712e+00   2.003845e+01   3.564076e-03   4.043113e-01   2186
  6.480937e+00   1.961940e+01   3.548446e-03   3.730991e-01   2670
  6.496618e+00   1.976840e+01   3.626045e-03   3.958863e-01   2418
  6.510243e+00   2.021700e+01   4.163535e-03   4.774060e-01   1734
  6.520389e+00   2.144487e+01   3.380254e-03   5.467231e-01   1598
  6.534825e+00   2.103933e+01   3.392926e-03   4.265070e-01   2178
  6.551129e+00   1.947658e+01   3.264100e-03   4.507098e-01   1944
  6.565475e+00   2.030706e+01   3.951512e-03   5.379550e-01   1326
  6.574347e+00   2.059224e+01   3.483848e-03   5.911157e-01   1098
  6.588627e+00   2.024187e+01   3.114351e-03   4.765016e-01   1670
  6.605318e+00   2.092500e+01   2.966416e-03   5.255155e-01   1506
  6.620914e+00   2.125052e+01   3.705733e-03   6.383861e-01   1134
  6.628491e+00   2.235800e+01   2.990986e-03   1.070532e+00   558
  6.642518e+00   2.145403e+01   3.087466e-03   5.438788e-01   1292
  6.659724e+00   2.390788e+01   2.169084e-03   7.611552e-01   1086
  6.675965e+00   2.193700e+01   2.978593e-03   7.893054e-01   858
  6.681697e+00   2.242652e+01   1.913752e-03   1.253745e+00   246
  6.695739e+00   2.152162e+01   2.219005e-03   7.241068e-01   902
  6.713459e+00   2.184266e+01   1.840625e-03   8.245644e-01   780
  6.730751e+00   2.463489e+01   1.476129e-03   1.007961e+00   606
  6.734883e+00   2.382034e+01   1.019448e-03   2.380430e+00   78
  6.749143e+00   2.264274e+01   1.435913e-03   9.883349e-01   578
  6.766997e+00   2.521423e+01   1.215036e-03   1.124600e+00   486
  6.784822e+00   2.499178e+01   9.199482e-04   1.226104e+00   396
  6.788458e+00   4.553980e+01   1.245875e-07   7.054686e+00   6
  6.802781e+00   2.557930e+01   8.323259e-04   1.402901e+00   326
  6.820711e+00   2.528779e+01   6.700165e-04   1.430672e+00   258
  6.838666e+00   3.278352e+01   5.266681e-04   2.344207e+00   198
  6.856647e+00   2.345532e+01   4.018571e-04   2.284703e+00   146
  6.874651e+00   2.687634e+01   2.949634e-04   2.643008e+00   102
  6.892681e+00   2.906966e+01   2.049921e-04   3.610371e+00   66
  6.910733e+00   2.489252e+01   1.301902e-04   3.835346e+00   38
  6.928809e+00   5.344733e+01   6.714806e-05   8.310219e+00   18
  6.946899e+00   2.317531e+01   0.000000e+00   6.304948e+00   6
