ABELL-2697           0.232 12.04  2.40  6.60  1.20 1.82 0.16
ABELL-2744           0.308 20.60  4.20 13.85  2.82 1.49 0.14
RXC-J0019.0-2026     0.277 11.45  2.57  7.55  1.47 1.52 0.15
Cl-0024+17           0.390 17.06  2.69 12.33  1.94 1.38 0.10
PSZ2-G114.39-60.16   0.384 12.12  8.47  7.91  4.78 1.53 0.47
PSZ2-G113.02-64.68   0.081 11.29  6.63  6.02  3.30 1.87 0.48
ABELL-2813           0.292 12.10  2.51  8.56  1.45 1.41 0.13
PSZ2-G119.30-64.68   0.545  9.46  6.66  6.87  4.44 1.38 0.42
ABELL-115            0.197 11.04  3.31  5.53  1.56 2.00 0.26
PSZ2-G125.68-64.12   0.045 15.86  9.05  8.60  4.27 1.84 0.46
ABELL-141            0.230  6.91  1.45  4.63  0.89 1.49 0.14
ZwCl-0104.4+0048     0.254  3.49  1.30  1.84  0.93 1.89 0.44
ABELL-209            0.206 15.37  3.41  9.61  1.97 1.60 0.15
ABELL-267            0.230  8.64  1.60  5.67  0.88 1.52 0.12
400d-0159+0030       0.390  4.89  2.15  3.45  1.52 1.42 0.28
ABELL-291            0.196  8.51  2.06  4.51  0.99 1.89 0.20
ACT-CL-J0204.8-0303  0.549  4.37  1.61  2.99  1.10 1.46 0.24
ACT-CL-J0205.2-0439  0.968  3.61  2.23  2.56  1.58 1.41 0.39
PSZ2-G167.98-59.95   0.140  2.65  1.30  1.79  0.81 1.48 0.32
ACT-CL-J0215.3-0343  1.004  5.64  3.25  4.05  2.33 1.39 0.36
RCS-J0220.9-0333     1.030  3.94  2.09  2.89  1.21 1.37 0.32
RCS-J0221.6-0347     1.020  1.54  0.61  1.24  0.46 1.24 0.21
ACT-CL-J0221.7-0346  0.432  6.05  1.59  3.91  1.03 1.55 0.18
ACT-CL-J0227.6-0317  0.838  1.87  1.16  1.33  0.82 1.40 0.39
ACT-CL-J0229.6-0337  0.323  4.38  1.41  2.27  0.73 1.93 0.28
400d-0230+1836       0.800 11.90  6.01  7.99  4.04 1.49 0.34
PSZ2-G174.40-57.33   0.185  4.97  1.85  3.43  1.16 1.45 0.24
RXC-J0232.2-4420     0.284  5.45  2.00  4.44  1.49 1.23 0.20
ACT-CL-J0233.6-0530  0.435  2.84  1.12  1.97  0.78 1.44 0.25
RXC-J0245.4-5302     0.302  5.59  2.23  4.30  1.60 1.30 0.23
ABELL-383            0.187  7.97  2.66  5.87  1.73 1.36 0.20
PSZ2-G211.31-60.28   0.400  5.85  4.88  4.09  3.33 1.43 0.53
PSZ2-G198.80-57.57   0.350 11.69  4.51  8.82  3.21 1.33 0.22
PSZ2-G212.93-54.04   0.600  6.95 10.37  4.24  5.80 1.64 1.07
MACS-J0329.7-0211    0.450  8.62  1.96  6.48  1.36 1.33 0.13
PSZ2-G212.25-53.20   0.188 14.03  9.00  9.82  5.72 1.43 0.40
RCS-J0337-2844       1.100  8.31 11.29  5.02  4.71 1.66 1.09
ABELL-478            0.088 13.86  3.71  8.77  2.08 1.58 0.18
MACS-J0416.1-2403    0.396 10.69  2.59  6.81  1.51 1.57 0.17
MACS-J0429.6-0253    0.399  9.72  3.49  6.82  2.09 1.43 0.22
RCS-J0439-2904       0.950  2.94  1.32  2.25  0.84 1.31 0.26
[SST10]-J0454.0-0308 0.260  0.84  0.66  0.66  0.52 1.26 0.44
RXC-J0532.9-3701     0.275  9.27  2.16  6.55  1.31 1.42 0.14
ABELL-3404           0.167 11.61  3.74  7.97  2.25 1.46 0.20
MACS-J0647.7+7015    0.584 13.82  4.18  9.43  2.49 1.47 0.19
MACS-J0717.5+3745    0.548 26.57  5.32 14.84  2.82 1.79 0.16
ABELL-586            0.171 10.27  2.69  7.40  1.50 1.39 0.16
ZwCl-0740.4+1740     0.111  8.09  5.17  4.69  3.00 1.73 0.49
MACS-J0744.9+3927    0.686 17.90  4.92 11.84  2.79 1.51 0.18
ABELL-611            0.288 15.72  4.48 10.70  2.64 1.47 0.18
400d-0809+2811       0.400  9.76  3.37  6.75  2.33 1.45 0.22
ZwCl-0823.2+0425     0.225  9.17  2.43  5.92  1.57 1.55 0.18
ABELL-689            0.279  1.87  0.93  1.02  0.51 1.83 0.41
ZwCl-0839.9+2937     0.194  3.28  0.92  2.64  0.74 1.24 0.16
ABELL-697            0.282 15.01  3.59  7.81  1.49 1.92 0.21
RDCS-J0848+4453      1.270  2.20  2.54  1.39  1.12 1.58 0.88
RDCS-J0849+4452      1.260  3.20  1.74  2.10  0.80 1.53 0.40
[AKW2014]-0850_1     0.271  0.99  0.54  0.65  0.35 1.52 0.37
SDSS-J0851+3331      0.370  8.26  2.19  6.49  1.72 1.27 0.15
PSZ2-G233.05+23.67   0.192  9.65  3.25  6.43  1.81 1.50 0.22
ZwCl-0857.9+2107     0.235  3.76  1.43  1.99  1.03 1.89 0.46
PSZ2-G230.73+27.70   0.294  9.38  2.79  7.00  1.93 1.34 0.17
ABELL-754            0.054  3.28  4.33  2.24  2.95 1.47 0.86
RDCS-J0910+5422      1.110  3.33  1.22  2.50  0.72 1.33 0.22
SDSS-J0915+3826      0.397  1.37  0.51  1.18  0.44 1.17 0.20
PSZ2-G231.79+31.48   0.332 12.91  3.70  8.94  2.30 1.44 0.18
ABELL-773            0.217 13.86  1.73 10.14  1.04 1.37 0.08
Hydra-A              0.054  4.30  1.73  2.48  0.88 1.73 0.30
ABELL-781            0.298  9.84  2.59  5.56  1.64 1.77 0.23
PSZ2-G228.50+34.95   0.270 56.58 26.00 29.63 11.56 1.91 0.39
ZwCl-0949.6+5207     0.214  6.66  1.73  5.06  1.09 1.32 0.15
ABELL-901            0.163  4.04  1.23  2.89  0.76 1.40 0.19
SDSS-J0957+0509      0.448  1.99  0.95  1.57  0.75 1.26 0.27
ABELL-907            0.167 22.69  5.41 11.81  1.81 1.92 0.23
SDSS-J1004+4112      0.680  4.28  2.58  3.54  2.13 1.21 0.33
PSZ2-G150.24+48.72   0.199  2.79  2.92  1.76  1.66 1.58 0.72
ZwCl-1021.0+0426     0.291  7.67  1.46  5.39  0.84 1.42 0.12
SDSS-J1029+2623      0.584  2.17  0.51  1.87  0.44 1.16 0.12
SDSS-J1038+4849      0.430  1.50  0.42  1.25  0.35 1.21 0.15
SDSS-J1050+0017      0.600  9.38  2.38  7.33  1.86 1.28 0.14
PSZ2-G151.62+54.78   0.470  4.79  3.96  3.24  2.49 1.48 0.53
RCS2-J1055+5547      0.466  6.42  1.52  4.84  1.15 1.33 0.14
PSZ2-G147.88+53.24   0.528  8.06  7.83  5.30  4.73 1.52 0.64
PSZ2-G149.22+54.18   0.135 19.90  7.17 12.86  3.59 1.55 0.25
PSZ2-G262.95+45.74   0.154  6.12  4.76  4.11  3.00 1.49 0.51
SDSS-J1110+6459      0.659  5.01  2.28  4.26  1.94 1.18 0.24
SDSS-J1115+5319      0.466 13.68  3.64  9.81  2.61 1.39 0.17
MACS-J1115.9+0129    0.352 16.60  3.84 10.62  2.21 1.56 0.16
ABELL-1300           0.308  8.85  2.85  5.74  1.63 1.54 0.22
RXC-J1135.6-2019     0.305  7.00  2.27  4.52  1.26 1.55 0.22
SDSS-J1138+2754      0.451 13.04  2.42  8.90  1.65 1.46 0.12
ClG-1137.5+6625      0.784  9.21  4.26  6.40  2.31 1.44 0.30
MACS-J1149.5+2223    0.544 24.86  5.49 14.45  3.03 1.72 0.17
SDSS-J1152+3313      0.362  1.71  0.95  1.47  0.82 1.16 0.29
SDSS-J1152+0930      0.517  7.79  2.77  5.12  1.82 1.52 0.24
ABELL-1423           0.213  6.46  1.54  4.51  0.85 1.43 0.15
ABELL-1451           0.199 12.40  1.64  8.46  0.93 1.47 0.09
MACS-J1206.2-0847    0.440 18.09  4.21 12.18  2.48 1.49 0.15
SDSS-J1209+2640      0.561  8.30  2.13  6.32  1.62 1.31 0.15
RXC-J1212.3-1816     0.269  3.40  1.49  2.39  0.99 1.42 0.27
SDSS-J1226+2149      0.435 11.85  3.59  8.58  2.60 1.38 0.19
SDSS-J1226+2152      0.430  1.78  0.96  1.31  0.70 1.36 0.33
CL-J1226.9+3332      0.890 22.13  1.42 15.30  1.27 1.45 0.05
XMMU-J1230.3+1339    0.975 27.97 26.05 14.28  8.85 1.96 0.90
ZwCl-1231.4+1007     0.229  8.44  2.36  4.59  1.46 1.84 0.26
RDCS-J1252-2927      1.240  6.63  1.86  4.49  0.92 1.48 0.19
ABELL-1682           0.226 12.61  1.85  8.61  1.03 1.46 0.10
MACS-J1311.0-0311    0.494  6.54  0.43  4.55  2.70 1.44 0.77
ABELL-1689           0.183 18.86  1.29 15.03  1.02 1.25 0.04
ABELL-1703           0.281 16.33  2.80 11.24  1.80 1.45 0.11
SDSS-J1315+5439      0.588  6.24  2.04  5.25  1.72 1.19 0.17
GHO-132029+3155      0.308  3.87  0.66  3.19  0.55 1.21 0.09
SDSS-J1329+2243      0.443  7.28  1.63  5.28  1.18 1.38 0.14
ABELL-1750C          0.068  2.19  1.90  1.53  1.33 1.43 0.56
ABELL-1750N          0.084  3.37  2.42  2.33  1.67 1.45 0.46
ABELL-1758S          0.280  1.43  1.37  0.93  0.90 1.53 0.65
ABELL-1763           0.228 25.20  4.37 16.01  2.05 1.57 0.13
SDSS-J1343+4155      0.418  5.06  1.75  3.62  1.25 1.40 0.22
RX-J1347.5-1145      0.451 34.09  8.74 22.20  4.86 1.54 0.17
400d-1357+6232       0.530  2.98  1.57  2.09  1.10 1.42 0.34
MACS-J1359.2-1929    0.447  7.09  3.29  4.36  2.02 1.63 0.34
PSZ2-G099.86+58.45   0.616 10.96  5.34  7.24  3.04 1.51 0.32
WARP-J1415.1+3612    1.030  2.60  1.08  2.08  0.77 1.25 0.23
400d-1416+4446       0.400  1.91  0.89  1.36  0.63 1.40 0.29
SDSS-J1420+3955      0.607 10.23  2.89  7.14  2.02 1.43 0.18
MACS-J1423.8+2404    0.545  8.11  1.42  5.83  0.85 1.39 0.11
ABELL-1914           0.171 12.94  2.51  7.93  1.29 1.63 0.14
PSZ2-G098.44+56.59   0.141  9.77  2.86  6.19  1.57 1.58 0.20
PSZ2-G099.48+55.60   0.106  1.89  1.13  1.26  0.68 1.50 0.39
ISCS-J1432.4+3332    1.110  8.41  7.27  4.73  2.73 1.78 0.76
ISCS-J1432.6+3436    1.350  5.04  6.37  3.25  2.69 1.55 0.98
ISCS-J1434.4+3426    1.240  2.35  2.12  1.72  1.25 1.37 0.55
ISCS-J1434.7+3519    1.370  2.83  3.55  2.11  2.04 1.34 0.76
PSZ2-G096.14+56.24   0.140  7.54  2.73  4.73  1.49 1.59 0.25
ISCS-J1438.1+3414    1.410  2.53  1.79  1.89  1.14 1.34 0.42
SDSS-J1446+3032      0.464  5.70  1.44  4.70  1.19 1.21 0.14
SDSS-J1456+5702      0.484  3.75  1.09  3.23  0.94 1.16 0.15
ZwCl-1454.8+2233     0.258  7.53  2.92  3.77  1.46 2.00 0.35
ABELL-2009           0.153 12.77  3.73  6.60  1.35 1.94 0.27
RXCJ-1504.1-0248     0.215  8.20  1.94  6.70  1.41 1.22 0.13
ABELL-2034           0.113  8.09  4.85  5.17  3.10 1.56 0.42
PSZ2-G006.49+50.56   0.078 10.84  4.71  7.67  2.97 1.41 0.27
RCS-J1511.0+0903     0.970  1.56  0.69  1.25  0.52 1.25 0.24
PSZ2-G011.36+49.42   0.044  1.56  1.20  1.10  0.81 1.43 0.48
PSZ2-G012.81+49.68   0.034  5.02  2.58  3.64  1.73 1.38 0.31
SDSS-J1531+3414      0.335  6.66  1.59  5.09  1.22 1.31 0.14
RX-J1532.9+3021      0.363  5.96  2.31  4.16  1.70 1.44 0.26
ABELL-2111           0.229  8.76  2.97  5.26  1.30 1.67 0.26
ABELL-2142           0.091 12.46  2.10  8.78  1.48 1.42 0.11
CL-1604+4304         0.900  4.22  2.80  3.29  1.98 1.29 0.37
SDSS-J1621+0607      0.342  7.74  2.30  5.55  1.65 1.39 0.18
PSZ2-G084.69+42.28   0.140  4.90  4.29  3.17  2.52 1.54 0.59
SDSS-J1632+3500      0.490  5.63  1.86  4.51  1.49 1.25 0.18
PSZ2-G065.79+41.80   0.336  6.68  4.11  4.80  2.72 1.39 0.37
400d-1641+4001       0.460  2.35  1.41  1.65  1.00 1.42 0.38
MACS-J1720.3+3536    0.391 14.45  4.29  9.92  2.52 1.46 0.19
ABELL-2261           0.224 23.06  5.21 15.61  3.04 1.48 0.15
MACS-J1931.8-2635    0.352 15.24  7.11 10.47  4.04 1.45 0.30
RXC-J2014.8-2430     0.160 10.69  5.47  5.58  2.50 1.92 0.43
RXC-J2102.1-2431     0.188  5.27  1.31  3.79  0.84 1.39 0.15
SDSS-J2111-0114      0.638  7.39  2.82  5.41  2.07 1.36 0.23
RX-J2129.7+0005      0.234  6.13  1.79  4.47  1.16 1.37 0.17
PSZ2-G053.44-36.25   0.327 22.47  7.87 14.27  4.01 1.57 0.25
PSZ2-G058.42-33.50   0.400  2.04  2.07  1.40  1.37 1.46 0.65
MS-2137-2353         0.313 13.51  5.25  8.24  2.56 1.64 0.29
RXC-J2151.0-0736     0.284  3.48  1.69  2.37  1.12 1.47 0.32
PSZ2-G053.63-41.84   0.151  2.24  2.08  1.54  1.40 1.45 0.60
PSZ2-G059.81-39.09   0.222  9.83  3.61  7.44  2.67 1.32 0.21
RCS-J2156.7-0448     1.070  1.41  1.31  1.07  0.85 1.32 0.53
XMMU-J2205.8-0159    1.120  2.06  1.44  1.45  0.89 1.42 0.44
XMMXCS-J2215.9-1738  1.460  2.76  1.54  2.15  1.04 1.28 0.31
XMMU-J2235.3-2557    1.390 10.53  6.29  5.76  2.55 1.83 0.51
PSZ2-G068.61-46.60   0.059  3.01  0.99  2.17  0.70 1.39 0.20
ABELL-2485           0.247  8.46  1.76  5.54  0.95 1.53 0.14
RXJ-2248.7-4431      0.348 18.72  6.70 12.40  3.60 1.51 0.24
ABELL-2537           0.297 11.51  3.01  8.79  1.92 1.31 0.15
RCS-J2319.8+0038     0.910  2.85  1.54  2.26  1.08 1.26 0.30
PSZ2-G065.32-64.84   0.082  4.21  2.70  2.89  1.72 1.46 0.41
PSZ2-G083.85-55.43   0.279  7.53  4.76  5.27  3.16 1.43 0.40
ABELL-2645           0.251  6.17  1.53  4.09  0.95 1.51 0.16
RCS-J2345-3632       1.040  2.18  1.63  1.37  0.73 1.60 0.56
XLSSC-002            0.771  0.19  0.36  0.13  0.25 1.46 1.25
XLSSC-003            0.836  0.43  0.92  0.29  0.62 1.48 1.42
XLSSC-006            0.429  9.64  4.38  5.59  2.09 1.72 0.35
XLSSC-008            0.299  1.65  1.67  1.01  0.95 1.63 0.72
XLSSC-009            0.328  0.42  0.53  0.29  0.37 1.45 0.82
XLSSC-010            0.330  1.13  1.14  0.76  0.74 1.49 0.66
XLSSC-011            0.054  1.15  1.38  0.76  0.84 1.51 0.79
XLSSC-013            0.308  1.51  1.43  0.97  0.83 1.56 0.64
XLSSC-018            0.324  0.29  0.40  0.20  0.27 1.45 0.88
XLSSC-020            0.494  4.36  3.39  2.60  1.80 1.68 0.57
XLSSC-021            0.085  0.10  0.13  0.07  0.09 1.43 0.83
XLSSC-022            0.293  2.15  1.34  1.48  0.87 1.45 0.40
XLSSC-025            0.265  0.96  0.93  0.65  0.61 1.48 0.63
XLSSC-027            0.295  0.91  1.04  0.58  0.63 1.57 0.79
XLSSC-028            0.297  0.24  0.35  0.16  0.24 1.50 0.99
XLSSC-030            0.631  0.09  0.12  0.06  0.08 1.50 0.89
XLSSC-032            0.803  0.24  0.47  0.16  0.32 1.50 1.33
XLSSC-035            0.174  0.11  0.14  0.07  0.10 1.57 0.98
XLSSC-036            0.492  0.52  0.70  0.36  0.50 1.44 0.88
XLSSC-038            0.584  0.09  0.12  0.06  0.08 1.50 0.89
XLSSC-040            0.320  0.78  0.85  0.54  0.58 1.44 0.70
XLSSC-041            0.142  2.47  1.11  1.82  0.76 1.36 0.27
XLSSC-044            0.263  2.07  1.40  1.32  0.81 1.57 0.46
XLSSC-048            1.005  1.04  2.61  0.71  1.78 1.46 1.64
XLSSC-049            0.494  1.90  1.84  1.35  1.29 1.41 0.60
XLSSC-050            0.140  1.10  0.96  0.78  0.68 1.41 0.55
XLSSC-051            0.279  0.22  0.32  0.15  0.22 1.47 0.96
XLSSC-052            0.056  0.12  0.17  0.08  0.11 1.50 0.94
XLSSC-054            0.054  0.60  0.76  0.42  0.54 1.43 0.81
XLSSC-055            0.232  3.19  1.49  2.39  1.07 1.33 0.27
XLSSC-056            0.348  0.93  1.04  0.62  0.68 1.50 0.74
XLSSC-057            0.153  0.41  0.53  0.28  0.36 1.46 0.84
XLSSC-058            0.332  0.19  0.29  0.13  0.19 1.46 0.98
XLSSC-059            0.645  0.33  0.61  0.22  0.40 1.50 1.23
XLSSC-060            0.139  3.45  1.67  2.39  1.04 1.44 0.30
XLSSC-061            0.259  0.29  0.41  0.20  0.28 1.45 0.91
XLSSC-062            0.059  0.24  0.36  0.16  0.24 1.50 1.00
XLSSC-064            0.874  0.34  0.72  0.23  0.48 1.48 1.39
XLSSC-065            0.435  0.09  0.12  0.06  0.08 1.50 0.89
XLSSC-067            0.382  0.43  0.59  0.29  0.42 1.48 0.94
XLSSC-071            0.883  0.25  0.51  0.17  0.35 1.47 1.35
XLSSC-072            1.002  1.32  3.44  0.88  2.31 1.50 1.75
XLSSC-073            1.033  1.08  2.77  0.72  1.84 1.50 1.72
XLSSC-075            0.211  0.08  0.10  0.06  0.07 1.33 0.73
XLSSC-076            0.750  3.26  5.68  2.47  4.11 1.32 1.01
XLSSC-077            0.202  0.36  0.45  0.25  0.31 1.44 0.80
XLSSC-078            0.953  0.21  0.40  0.14  0.27 1.50 1.29
XLSSC-079            0.194  0.44  0.54  0.30  0.37 1.47 0.81
XLSSC-080            0.646  0.14  0.22  0.09  0.15 1.55 1.13
XLSSC-082            0.427  0.39  0.69  0.27  0.47 1.44 1.13
XLSSC-085            0.428  0.12  0.19  0.08  0.13 1.50 1.08
XLSSC-086            0.424  0.15  0.23  0.10  0.16 1.50 1.05
XLSSC-087            0.141  0.45  0.55  0.30  0.37 1.50 0.82
XLSSC-088            0.295  0.74  0.81  0.50  0.54 1.48 0.72
XLSSC-089            0.609  1.68  2.06  1.22  1.47 1.38 0.75
XLSSC-090            0.141  0.12  0.17  0.08  0.11 1.50 0.94
XLSSC-091            0.186  5.77  1.66  4.44  1.11 1.30 0.16
XLSSC-095            0.138  0.91  0.83  0.66  0.60 1.38 0.56
XLSSC-096            0.520  0.17  0.28  0.11  0.18 1.54 1.13
XLSSC-097            0.697  0.19  0.34  0.12  0.23 1.58 1.33
XLSSC-098            0.297  0.14  0.21  0.10  0.14 1.40 0.92
XLSSC-099            0.391  0.30  0.56  0.20  0.37 1.50 1.25
XLSSC-100            0.915  0.48  1.08  0.32  0.73 1.50 1.52
XLSSC-101            0.756  5.33  7.94  3.90  5.50 1.37 0.89
XLSSC-102            0.969  0.45  1.01  0.30  0.68 1.50 1.51
XLSSC-103            0.233  1.96  1.44  1.39  0.99 1.41 0.46
XLSSC-104            0.294  1.03  1.04  0.74  0.75 1.39 0.63
XLSSC-105            0.432  1.29  1.55  0.85  0.94 1.52 0.79
XLSSC-106            0.300  3.70  2.31  2.19  1.24 1.69 0.46
XLSSC-108            0.254  0.14  0.20  0.10  0.14 1.40 0.89
XLSSC-110            0.445  3.43  2.55  2.23  1.51 1.54 0.50
XLSSC-111            0.300  5.89  3.02  3.40  1.48 1.73 0.39
XLSSC-112            0.139  0.74  0.84  0.49  0.52 1.51 0.75
XLSSC-114            0.234  3.47  1.61  2.42  1.03 1.43 0.29
XLSSC-116            0.534  0.23  0.38  0.15  0.25 1.53 1.14
XLSSC-117            0.298  2.37  1.63  1.56  0.97 1.52 0.45
XLSSC-121            0.317  1.30  1.34  0.87  0.87 1.49 0.68
XLSSC-123            0.194  0.17  0.24  0.11  0.16 1.54 0.99
XLSSC-124            0.516  0.36  0.59  0.24  0.40 1.50 1.12
XLSSC-127            0.315  0.35  0.46  0.24  0.32 1.46 0.86
XLSSC-130            0.546  0.72  1.16  0.51  0.80 1.41 1.00
XLSSC-135            0.371  0.58  0.79  0.39  0.54 1.49 0.91
XLSSC-137            0.290  0.26  0.37  0.17  0.25 1.53 0.99
XLSSC-138            0.140  1.01  1.00  0.66  0.61 1.53 0.66
XLSSC-139            0.216  0.17  0.24  0.11  0.17 1.54 1.04
XLSSC-140            0.294  0.14  0.20  0.09  0.14 1.55 1.05
XLSSC-141            0.196  0.25  0.33  0.17  0.23 1.47 0.88
XLSSC-142            0.451  0.11  0.16  0.08  0.11 1.37 0.88
XLSSC-144            0.447  5.26  3.26  3.22  1.75 1.63 0.44
XLSSC-145            0.627  0.13  0.20  0.09  0.13 1.44 0.97
XLSSC-146            0.254  0.11  0.15  0.07  0.10 1.57 0.99
XLSSC-147            0.031  0.21  0.32  0.14  0.22 1.50 1.04
XLSSC-148            0.294  0.80  0.79  0.56  0.54 1.43 0.62
XLSSC-149            0.292  2.92  1.70  1.92  1.00 1.52 0.38
XLSSC-150            0.292  2.01  1.49  1.27  0.88 1.58 0.51
XLSSC-151            0.189  2.92  1.56  1.91  0.93 1.53 0.36
XLSSC-152            0.205  0.83  0.95  0.53  0.56 1.57 0.78
XLSSC-153            0.880  0.16  0.29  0.11  0.19 1.45 1.16
XLSSC-154            0.179  0.16  0.23  0.11  0.15 1.45 0.92
XLSSC-158            0.442  6.81  3.16  4.86  1.98 1.40 0.28
XLSSC-159            0.614  0.22  0.37  0.14  0.25 1.57 1.23
XLSSC-160            0.817  0.32  0.67  0.21  0.45 1.52 1.44
XLSSC-161            0.306  0.74  0.81  0.52  0.56 1.42 0.69
XLSSC-162            0.138  0.21  0.31  0.14  0.21 1.50 1.00
XLSSC-163            0.283  0.16  0.24  0.11  0.16 1.45 0.96
XLSSC-165            0.180  0.71  0.72  0.50  0.51 1.42 0.64
XLSSC-166            0.158  0.33  0.42  0.23  0.29 1.43 0.81
XLSSC-167            0.298  0.36  0.49  0.24  0.33 1.50 0.92
XLSSC-168            0.295  0.09  0.11  0.06  0.07 1.50 0.80
XLSSC-169            0.498  3.16  2.43  2.10  1.48 1.50 0.50
XLSSC-170            0.403  0.94  1.14  0.63  0.72 1.49 0.79
XLSSC-171            0.044  0.10  0.14  0.07  0.10 1.43 0.90
XLSSC-172            0.426  0.12  0.17  0.08  0.11 1.50 0.94
XLSSC-173            0.413  2.90  1.67  2.24  1.30 1.29 0.33
XLSSC-174            0.235  0.31  0.43  0.21  0.30 1.48 0.93
XLSSC-176            0.141  0.14  0.20  0.10  0.13 1.40 0.87
XLSSC-177            0.211  0.55  0.62  0.38  0.43 1.45 0.73
XLSSC-180            0.289  2.27  1.86  1.47  1.12 1.54 0.55
XLSSC-181            0.371  0.59  0.79  0.41  0.52 1.44 0.84
XLSSC-182            0.174  0.08  0.09  0.05  0.06 1.60 0.84
XLSSC-183            0.511  1.99  2.07  1.36  1.35 1.46 0.67
XLSSC-184            0.811  0.14  0.23  0.09  0.15 1.55 1.15
XLSSC-185            0.566  0.16  0.26  0.11  0.18 1.45 1.06
XLSSC-186            0.515  0.19  0.31  0.13  0.21 1.46 1.06
XLSSC-187            0.447  1.70  2.00  1.05  1.14 1.62 0.83
XLSSC-188            0.570  0.13  0.20  0.09  0.14 1.44 1.00
XLSSC-189            0.204  0.16  0.22  0.11  0.15 1.45 0.89
XLSSC-190            0.070  0.17  0.24  0.11  0.16 1.54 0.99
XLSSC-191            0.054  3.58  2.27  2.30  1.28 1.56 0.43
XLSSC-192            0.341  0.14  0.20  0.09  0.13 1.55 1.00
XLSSC-193            0.203  0.07  0.08  0.05  0.05 1.40 0.70
XLSSC-194            0.411  0.18  0.27  0.12  0.18 1.50 1.01
XLSSC-195            0.661  1.95  2.82  1.39  1.91 1.40 0.89
XLSSC-198            0.356  0.23  0.34  0.15  0.23 1.53 1.03
XLSSC-201            0.138  0.22  0.31  0.15  0.21 1.47 0.92
XLSSC-202            0.292  0.13  0.19  0.09  0.13 1.44 0.94
