A1644            0.0473 0.128 0.008
A85              0.0555 0.150 0.005
A2319            0.0557 0.189 0.008
A3266            0.0589 0.132 0.009
A3158            0.0590 0.145 0.007
A1795            0.0622 0.139 0.005
RXC-J1825        0.0650 0.133 0.005
A644             0.0704 0.132 0.012
A2029            0.0766 0.141 0.005
ZwCl-1215        0.0766 0.106 0.008
A2255            0.0809 0.153 0.011
A2142            0.0900 0.158 0.005
RXCJ0003.8+0203  0.092  0.117 0.049
Abell3911        0.097  0.146 0.017
Abell3827        0.098  0.140 0.012
RXCJ0049.4-2931  0.108  0.143 0.020
Abell2034        0.113  0.073 0.007
RXCJ1516.5-0056  0.115  0.105 0.009
RXCJ2149.1-3041  0.118  0.131 0.027
RXCJ1516.3+0005  0.118  0.142 0.074
RXCJ1141.4-1216  0.119  0.086 0.012
RXCJ1044.5-0704  0.132  0.146 0.009
Abell1068        0.138  0.091 0.007
RXCJ2218.6-3853  0.138  0.099 0.018
RXCJ0605.8-3518  0.141  0.133 0.012
RXCJ0020.7-2542  0.142  0.062 0.016
Abell1413        0.143  0.161 0.010
RXCJ2048.1-1750  0.147  0.132 0.044
RXCJ0547.6-3152  0.148  0.105 0.057
Abell2204        0.152  0.115 0.008
RXCJ0958.3-1103  0.153  0.086 0.013
RXCJ2234.5-3744  0.153  0.079 0.067
RXCJ2014.8-24.30 0.161  0.136 0.014
RXCJ0645.4-5413  0.167  0.161 0.020
Abell2218        0.176  0.159 0.019
Abell1689        0.183  0.156 0.008
Abell383         0.187  0.121 0.042
Abell209         0.206  0.146 0.015
Abell963         0.206  0.137 0.015
Abell773         0.217  0.116 0.041
Abell1763        0.223  0.212 0.025
Abell2390        0.228  0.108 0.013
Abell2667        0.230  0.114 0.018
RXCJ2129.6+0005  0.235  0.165 0.012
Abell1835        0.253  0.120 0.012
RXCJ0307.0-2840  0.253  0.105 0.017
Abell68          0.255  0.079 0.008
E1455+2232       0.258  0.160 0.013
RXCJ2337.6+0016  0.273  0.148 0.027
RXCJ0303.8-7752  0.274  0.116 0.016
RXCJ0532.9-3701  0.275  0.141 0.027
RXCJ0232.2-4420  0.284  0.123 0.013
ZW3146           0.291  0.159 0.010
RXCJ0043.4-2037  0.292  0.176 0.032
RXCJ0516.7-5430  0.295  0.127 0.022
RXCJ0516.7-5430  0.307  0.155 0.023
MACS0159.8-084   0.405  0.11  0.02
MACSJ2228.5+20   0.412  0.13  0.03
MS1621.5+2640    0.426  0.10  0.02
MACSJ1206.2-08   0.440  0.08  0.01
MACS-J2243.4-0   0.447  0.16  0.03
MACS0329.7-021   0.450  0.12  0.04
RXJ1347.5-1145   0.451  0.10  0.02
V1701+6414       0.453  0.26  0.04
MACS1621.6+381   0.465  0.09  0.04
CL0522-3624      0.472  0.11  0.11
MACS1311.0-031   0.494  0.06  0.02
MACS-J2214.9-1   0.503  0.14  0.06
MACS911.2+1746   0.505  0.10  0.07
MACSJ0257.1-23   0.505  0.12  0.05
V1525+0958       0.516  0.05  0.01
MS0015.9+1609    0.541  0.13  0.02
CL0848.6+4453    0.543  0.13  0.20
MACS1423.8+240   0.543  0.13  0.01
MACSJ1149.5+22   0.544  0.19  0.04
MACSJ0717.5+3745 0.546  0.17  0.02
CL1117+1744      0.548  0.20  0.09
MS0451.6-0305    0.550  0.07  0.03
MS2053.7-0449    0.583  0.04  0.02
MACS-J2129.4-0   0.589  0.15  0.07
MACS-J0647.7+7   0.591  0.06  0.02
CL1120+4318      0.600  0.16  0.08
CLJ0542.8-4100   0.640  0.13  0.03
LCDCS954         0.670  0.16  0.07
MACS0744.9+392   0.698  0.17  0.04
SPT-CL0001-5749  0.700  0.12  0.08
V1221+4918       0.700  0.15  0.07
RCS2327.4-0204   0.704  0.08  0.01
SPT-CLJ2043-5035 0.720  0.07  0.02
ClJ1113.1-2615   0.730  0.06  0.04
CLJ2302.8+0844   0.734  0.06  0.02
SPT-CL2337-5942  0.775  0.04  0.02
RCS2318+0034     0.780  0.02  0.01
MS1137.5+6625    0.782  0.06  0.03
RXJ1350.0+6007   0.810  0.17  0.05
RXJ1716.9+6708   0.813  0.15  0.05
EMSS1054.5-0321  0.831  0.06  0.02
CLJ1226.9+3332   0.888  0.04  0.02
SPT-CLJ2146-4632 0.933  0.17  0.01
PLCKG266.6-27.3  0.972  0.12  0.01
XMMUJ1230+1339   0.975  0.08  0.07
SPT-CLJ2341-5119 1.003  0.16  0.03
J1415.1+3612     1.03   0.08  0.05
SPT-CL0547-5345  1.067  0.14  0.08
SPT-CLJ2106-584  1.132  0.13  0.06
RDCS1252-29      1.235  0.13  0.08
