analytic linear (B&Z eq.15): axis 1.1145 perp 1.0236 ratio 1.0888

N=256 L=16.0 soft=0.1 eps=0.0 filt=0h :  r  q | raw ax/pp | corrected axis perp ax/pp
   0.750  0.975 |  0.9654 |  1.0364  1.0586  0.9790
   1.000  0.548 |  0.9744 |  1.0497  1.0688  0.9822
   1.250  0.350 |  0.9954 |  1.0635  1.0628  1.0006
   1.500  0.243 |  1.0138 |  1.0733  1.0546  1.0177
   2.000  0.136 |  1.0385 |  1.0859  1.0427  1.0415
   2.500  0.086 |  1.0520 |  1.0932  1.0360  1.0552
   3.000  0.059 |  1.0593 |  1.0975  1.0322  1.0633

N=256 L=16.0 soft=0.1 eps=0.02 filt=1.5h :  r  q | raw ax/pp | corrected axis perp ax/pp
   0.750  0.975 |  0.9784 |  1.0558  1.0513  1.0043
   1.000  0.548 |  0.9696 |  1.0485  1.0655  0.9840
   1.250  0.350 |  0.9929 |  1.0644  1.0618  1.0024
   1.500  0.243 |  1.0125 |  1.0749  1.0544  1.0195
   2.000  0.136 |  1.0386 |  1.0881  1.0429  1.0434
   2.500  0.086 |  1.0530 |  1.0958  1.0363  1.0573
   3.000  0.059 |  1.0610 |  1.1005  1.0326  1.0658

N=256 L=24.0 soft=0.15 eps=0.02 filt=1.5h :  r  q | raw ax/pp | corrected axis perp ax/pp
   0.750  0.975 |  0.9777 |  1.0740  1.0369  1.0358
   1.031  0.516 |  0.9694 |  1.0582  1.0584  0.9998
   1.219  0.369 |  0.9856 |  1.0663  1.0583  1.0075
   1.500  0.243 |  1.0095 |  1.0777  1.0521  1.0243
   1.969  0.141 |  1.0362 |  1.0894  1.0423  1.0452
   2.531  0.085 |  1.0540 |  1.0974  1.0353  1.0599
   3.000  0.060 |  1.0625 |  1.1015  1.0320  1.0673

N=256 L=32.0 soft=0.2 eps=0.02 filt=1.5h :  r  q | raw ax/pp | corrected axis perp ax/pp
   0.750  0.972 |  0.9770 |  1.0959  1.0247  1.0695
   1.000  0.548 |  0.9687 |  1.0741  1.0468  1.0261
   1.250  0.351 |  0.9838 |  1.0742  1.0520  1.0211
   1.500  0.244 |  1.0051 |  1.0818  1.0489  1.0313
   2.000  0.137 |  1.0350 |  1.0924  1.0403  1.0501
   2.500  0.088 |  1.0519 |  1.0987  1.0347  1.0618
   3.000  0.061 |  1.0619 |  1.1027  1.0314  1.0691
