   x=u/g  alpha    coh(T) ker-L coh 4x/(1+8x2) max transient  late slope dlog|err|/dlog t
  0.3536   1.00   0.70711   0.70711    0.70711       0.76136                       -15.13
  0.3536   0.90   0.70620   0.70711    0.70711       0.72104                        -0.84
  0.3536   0.70   0.70054   0.70711    0.70711       0.70054                        -0.67
  0.3536   0.50   0.68099   0.70711    0.70711       0.68099                        -0.52
  1.0000   1.00   0.44444   0.44444    0.44444       0.89345                       -16.41
  1.0000   0.90   0.44525   0.44444    0.44444       0.80584                        -0.94
  1.0000   0.70   0.45026   0.44444    0.44444       0.70480                        -0.73
  1.0000   0.50   0.46603   0.44444    0.44444       0.62392                        -0.50
theta = 0.70711
